E,keV  rho  mu/rho(tot)  Cs_deb(tot)  Cs_deb(nocoh)  Cs_Jod  deb/Jod-1,%  nocoh/Jod-1,%
  238.6  0.8  0.11733  1.1013  1.0995  1.0980    0.30    0.14
  238.6  1.6  0.11733  1.2087  1.2049  1.2056    0.26   -0.06
  238.6  2.4  0.11733  1.3222  1.3162  1.3238   -0.12   -0.57
  338.3  0.8  0.10250  1.0882  1.0873  1.0853    0.26    0.18
  338.3  1.6  0.10250  1.1810  1.1792  1.1779    0.26    0.11
  338.3  2.4  0.10250  1.2785  1.2756  1.2784    0.00   -0.22
  583.2  0.8  0.08174  1.0699  1.0696  1.0677    0.21    0.18
  583.2  1.6  0.08174  1.1428  1.1422  1.1400    0.25    0.20
  583.2  2.4  0.08174  1.2187  1.2178  1.2171    0.13    0.05
  911.2  0.8  0.06657  1.0567  1.0566  1.0552    0.14    0.13
  911.2  1.6  0.06657  1.1154  1.1152  1.1135    0.17    0.15
  911.2  2.4  0.06657  1.1761  1.1757  1.1749    0.10    0.06
 1460.8  0.8  0.05255  1.0446  1.0446  1.0439    0.07    0.06
 1460.8  1.6  0.05255  1.0905  1.0904  1.0897    0.07    0.06
 1460.8  2.4  0.05255  1.1375  1.1374  1.1376   -0.00   -0.02
 2614.5  0.8  0.03898  1.0330  1.0330  1.0325    0.05    0.05
 2614.5  1.6  0.03898  1.0666  1.0666  1.0660    0.06    0.06
 2614.5  2.4  0.03898  1.1010  1.1009  1.1006    0.04    0.03

верх,мм колодец,мм  Cs_deb(238.6, 2.4)  Jod
   12     90.4  1.3022  1.3238
   15     84.7  1.3087  1.3238
   19     77.0  1.3222  1.3238
   25     65.5  1.3525  1.3238
   30     55.9  1.3881  1.3238
