набор            33.2   33.5   34.0   34.5   35.0   35.5   36.0   36.5   37.0   38.0   40.0   СКО    10/20  50/33   100/33
eq0.45_p1.2     -0.35  -0.74  -0.90  -0.87  -0.80  -0.70  -0.60  -0.50  -0.39  -0.20  +0.12   0.09   0.974  1.0047  0.9764
eq0.2_p0.8      -0.29  -0.55  -0.68  -0.70  -0.66  -0.62  -0.54  -0.46  -0.39  -0.23  +0.05   0.13   0.975  1.0039  0.9790
eq0.25_p0.8     -0.48  -0.76  -0.91  -0.94  -0.91  -0.87  -0.79  -0.71  -0.63  -0.47  -0.16   0.15   0.968  1.0030  0.9810
eq0.3_p1        -0.25  -0.57  -0.69  -0.69  -0.64  -0.57  -0.49  -0.39  -0.31  -0.13  +0.15   0.16   0.977  1.0045  0.9768
eq0.4_p1        -0.54  -0.90  -1.08  -1.09  -1.04  -0.97  -0.88  -0.79  -0.69  -0.49  -0.16   0.23   0.965  1.0033  0.9795
eq0.35_p1.2     -0.09  -0.44  -0.54  -0.50  -0.43  -0.35  -0.24  -0.15  -0.06  +0.11  +0.39   0.37   0.983  1.0057  0.9744
eq0.04_p0.5     -0.08  -0.25  -0.36  -0.37  -0.36  -0.32  -0.27  -0.21  -0.15  -0.03  +0.19   0.38   0.983  1.0041  0.9802
eq0.5_p1.5      -0.09  -0.54  -0.65  -0.57  -0.46  -0.33  -0.22  -0.11  -0.01  +0.18  +0.47   0.38   0.984  1.0061  0.9737
eq0.1_p0.7      -0.05  -0.25  -0.35  -0.36  -0.33  -0.28  -0.23  -0.16  -0.08  +0.05  +0.28   0.42   0.984  1.0047  0.9774
eq0.7_p2        -0.07  -0.64  -0.82  -0.64  -0.46  -0.29  -0.14  -0.01  +0.10  +0.30  +0.59   0.44   0.987  1.0067  0.9731
eq1.0_p2        -0.65  -1.28  -1.71  -1.62  -1.40  -1.17  -0.96  -0.77  -0.60  -0.31  +0.10   0.48   0.966  1.0053  0.9767
eq0.5_p1        -0.80  -1.20  -1.42  -1.46  -1.42  -1.35  -1.26  -1.15  -1.05  -0.84  -0.47   0.57   0.955  1.0022  0.9820
eq0.15_p1       +0.22  +0.02  -0.04  -0.01  +0.04  +0.10  +0.17  +0.24  +0.32  +0.46  +0.67   0.77   0.995  1.0066  0.9727
eq0.5_p2        +0.27  -0.21  -0.21  -0.05  +0.09  +0.20  +0.31  +0.41  +0.49  +0.64  +0.86   0.84   0.999  1.0074  0.9709
eq0.04_p0.7     +0.33  +0.19  +0.13  +0.14  +0.18  +0.22  +0.28  +0.34  +0.40  +0.52  +0.71   0.89   0.998  1.0065  0.9732
eq0.3_p1.5      +0.31  +0.00  +0.00  +0.08  +0.17  +0.25  +0.33  +0.42  +0.50  +0.64  +0.84   0.90   1.000  1.0073  0.9709
Ходюк           -0.30  -0.55  -0.80  -0.89  -0.89  -0.82  -0.70  -0.57  -0.46  -0.26  +0.06          0.956  1.0051
eq0.08_p1       +0.47  +0.33  +0.30  +0.33  +0.38  +0.43  +0.50  +0.56  +0.63  +0.74  +0.91   1.08   1.004  1.0075  0.9706
