## NaITable: узел | было | стало | Δ % | ±стат %
       10 1.0450 1.0544  +0.90  0.79
       20 1.0820 1.0829  +0.08  0.06
       30 1.0705 1.0710  +0.05  0.06
       31 1.0691 1.0696  +0.05  0.06
       32 1.0677 1.0682  +0.05  0.06
       33 1.0664 1.0669  +0.05  0.06
     33.1 1.0662 1.0667  +0.05  0.06
     33.2 1.0594 1.0632  +0.36  0.09
     33.3 1.0569 1.0612  +0.41  0.09
     33.4 1.0547 1.0599  +0.49  0.09
     33.5 1.0527 1.0589  +0.59  0.09
     33.7 1.0498 1.0578  +0.76  0.09
       34 1.0481 1.0573  +0.88  0.09
     34.5 1.0490 1.0575  +0.81  0.09
       35 1.0514 1.0583  +0.66  0.09
     35.5 1.0538 1.0593  +0.52  0.08
       36 1.0561 1.0604  +0.41  0.08
     36.5 1.0581 1.0615  +0.32  0.08
       37 1.0599 1.0627  +0.26  0.08
     37.5 1.0615 1.0638  +0.22  0.08
       38 1.0630 1.0648  +0.17  0.08
       39 1.0655 1.0666  +0.10  0.08
       40 1.0674 1.0682  +0.07  0.08
       45 1.0721 1.0721  +0.00  0.08
       50 1.0720 1.0718  -0.02  0.08
       60 1.0662 1.0661  -0.01  0.04
       81 1.0515 1.0516  +0.01  0.03
      100 1.0415 1.0417  +0.02  0.03
      122 1.0337 1.0338  +0.01  0.04
      200 1.0209 1.0211  +0.02  0.04
      356 1.0134 1.0135  +0.01  0.06
  661.657 1.0076 1.0077  +0.01  0.10
     1000 1.0049 1.0049  +0.00  0.13
     1173 1.0040 1.0040  +0.00   nan (прежний × 1.0000)
     1332 1.0033 1.0033  +0.00   nan (прежний × 1.0000)
     1408 1.0031 1.0031  +0.00   nan (прежний × 1.0000)
     2614 1.0010 1.0010  +0.00   nan (прежний × 1.0000)
## CsITable: узел | было | стало | Δ % | ±стат %
       10 1.0024 1.0109  +0.85  0.67
       20 1.0690 1.0690  +0.00  0.12
       30 1.0696 1.0694  -0.02  0.11
       32 1.0682 1.0680  -0.02  0.11
       33 1.0674 1.0672  -0.02  0.11
     33.1 1.0673 1.0672  -0.01  0.11
     33.2 1.0566 1.0590  +0.23  0.12
     33.3 1.0546 1.0574  +0.27  0.12
     33.5 1.0511 1.0554  +0.41  0.12
     33.7 1.0487 1.0544  +0.54  0.12
       34 1.0470 1.0536  +0.63  0.12
     34.5 1.0472 1.0533  +0.58  0.12
       35 1.0485 1.0534  +0.47  0.12
     35.5 1.0500 1.0537  +0.35  0.12
     35.9 1.0510 1.0541  +0.29  0.12
     36.1 1.0498 1.0530  +0.30  0.13
     36.3 1.0481 1.0519  +0.36  0.13
     36.6 1.0466 1.0513  +0.45  0.13
       37 1.0465 1.0514  +0.47  0.13
     37.5 1.0477 1.0518  +0.39  0.13
       38 1.0492 1.0524  +0.30  0.13
       39 1.0521 1.0539  +0.17  0.13
       40 1.0546 1.0556  +0.09  0.13
       50 1.0665 1.0659  -0.06  0.12
       60 1.0657 1.0652  -0.05  0.12
       81 1.0547 1.0545  -0.02  0.12
      100 1.0451 1.0450  -0.01  0.12
      122 1.0368 1.0367  -0.01  0.12
      200 1.0220 1.0221  +0.01  0.14
      356 1.0129 1.0129  +0.00  0.21
  661.657 1.0067 1.0068  +0.01  0.34
     1000 1.0041 1.0042  +0.01  0.46
   1332.5 1.0029 1.0029  +0.00  0.57
записано
