# оцифровка рис. 6 Khodyuk, Rodnyi, Dorenbos, J. Appl. Phys. 107 (2010) 113513 (arXiv:1102.3799): фотон-nPR NaI:Tl, %
# E, кэВ | nPR, % (медиана точек в окне ±0.1 кэВ) | к 33.10 кэВ, %
 30.00  115.786  +0.555
 30.50  115.714  +0.492
 31.00  115.624  +0.414
 31.50  115.524  +0.327
 32.00  115.422  +0.238
 32.50  115.322  +0.151
 33.00  115.214  +0.058
 33.00  115.214  +0.058
 33.10  115.147  +0.000
 33.20  114.868  -0.243
 33.30  114.743  -0.351
 33.40  114.686  -0.400
 33.50  114.578  -0.494
 33.60  114.538  -0.529
 33.70  114.455  -0.601
 33.80  114.419  -0.633
 33.90  114.346  -0.696
 34.00  114.297  -0.738
 34.50  114.192  -0.830
 35.00  114.191  -0.831
 35.50  114.270  -0.762
 36.00  114.411  -0.640
 36.50  114.559  -0.511
 37.00  114.686  -0.400
 37.50  114.800  -0.302
 38.00  114.914  -0.203
 38.50  115.019  -0.111
 39.00  115.097  -0.043
 39.50  115.197  +0.043
 40.00  115.278  +0.114
