A: C:\Users\moroz\source\repos\BQ Eng res .NET 4.8\tools\CORPUS\corpus\geometries\AS80_th_disk.rmx  phys=17;ecbde05c626a7acb8d199338c781a455e36df445211ac20931c2765d4b44fe13
B: D:\BqMoni_Claude\p50\wt\tools\CORPUS\corpus\geometries\AS80_th_disk.rmx  phys=18;24850bda7e3634e8c4f8fea7ec0647703b3c5c60b633f6806df442e888702ef7
      кэВ  узел        пик A        пик B   Δпик,%      сумма A      сумма B   Δсум,%    доляA    доляB
   31.509    40 2.985074e-03 2.988021e-03   +0.099 3.142366e-03 3.135576e-03   -0.216   0.9499   0.9529
   60.014    58 9.330435e-03 9.337316e-03   +0.074 1.408088e-02 1.409923e-02   +0.130   0.6626   0.6623
  119.688    75 4.142627e-02 4.146872e-02   +0.102 6.386576e-02 6.395000e-02   +0.132   0.6486   0.6485
  238.700    90 8.532475e-02 8.532320e-02   -0.002 1.279244e-01 1.281079e-01   +0.143   0.6670   0.6660
  572.269   109 5.475597e-02 5.479563e-02   +0.072 1.216860e-01 1.222704e-01   +0.480   0.4500   0.4482
  656.992   112 4.894645e-02 4.910737e-02   +0.329 1.173174e-01 1.181084e-01   +0.674   0.4172   0.4158
  906.707   119 3.793127e-02 3.797479e-02   +0.115 1.074896e-01 1.081844e-01   +0.646   0.3529   0.3510
 1436.594   129 2.612121e-02 2.619443e-02   +0.280 9.374313e-02 9.524643e-02   +1.604   0.2786   0.2750
 2613.131   142 1.557081e-02 1.566652e-02   +0.615 8.369309e-02 8.672486e-02   +3.622   0.1860   0.1806
