A: C:\Users\moroz\source\repos\BQ Eng res .NET 4.8\tools\CORPUS\corpus\geometries\AS80_point0.rmx  phys=17;541d94fe24de030dbe1d0374f01e44c65eba580838b032cc2c3d54d141fd0ff6
B: D:\BqMoni_Claude\p50\wt\tools\CORPUS\corpus\geometries\AS80_point0.rmx  phys=18;1f5aeaf1eeae43b63d6a7b0817f68eaccc4167c12243909b95293aeb63a1d205
      кэВ  узел        пик A        пик B   Δпик,%      сумма A      сумма B   Δсум,%    доляA    доляB
   31.509    40 7.737229e-02 7.747406e-02   +0.132 8.206811e-02 8.217580e-02   +0.131   0.9428   0.9428
   60.014    54 1.445030e-01 1.441004e-01   -0.279 1.948044e-01 1.939189e-01   -0.455   0.7418   0.7431
  119.688    69 1.681292e-01 1.683406e-01   +0.126 2.134923e-01 2.138628e-01   +0.174   0.7875   0.7871
  238.700    84 1.383724e-01 1.382197e-01   -0.110 1.846057e-01 1.845863e-01   -0.011   0.7496   0.7488
  572.269   103 6.963699e-02 6.959882e-02   -0.055 1.350497e-01 1.353552e-01   +0.226   0.5156   0.5142
  656.992   106 6.170659e-02 6.172755e-02   +0.034 1.292229e-01 1.294619e-01   +0.185   0.4775   0.4768
  906.707   113 4.655825e-02 4.643621e-02   -0.262 1.163659e-01 1.167550e-01   +0.334   0.4001   0.3977
 1436.594   123 3.143615e-02 3.141576e-02   -0.065 1.007835e-01 1.016148e-01   +0.825   0.3119   0.3092
 2613.131   136 1.855249e-02 1.852575e-02   -0.144 8.779682e-02 8.913442e-02   +1.524   0.2113   0.2078
