спектр                   242     295     352     609     662    1120    1461    1764    2614   среднее по узлам 30…3000
G1S16_Cs137_Mar        0.811   0.816   0.820   0.826   0.816   0.806   0.818   0.815   0.807   0.810
G1S16_Cs137_Mar_2      0.832   0.836   0.823   0.828   0.816   0.818   0.804   0.829   0.841   0.840
G1S16_K40_Mar          0.815   0.818   0.818   0.814   0.814   0.804   0.822   0.800   0.791   0.810
G1S16_K40_Mar_2        0.829   0.831   0.830   0.824   0.819   0.822   0.807   0.815   0.832   0.838
G1S16_Mix_Mar          0.827   0.823   0.826   0.816   0.827   0.836   0.814   0.814   0.822   0.823
G1S16_Ra226_Mar        0.809   0.818   0.816   0.816   0.809   0.811   0.828   0.812   0.790   0.810
G1S16_Ra226_Mar_2      0.834   0.838   0.823   0.831   0.822   0.813   0.800   0.833   0.844   0.841
G1S16_Th232_Mar_2      0.810   0.812   0.820   0.822   0.819   0.819   0.815   0.813   0.815   0.810
G1S16_Th232_Mar_3      0.834   0.834   0.827   0.824   0.823   0.818   0.796   0.829   0.843   0.838
G1S24_Cs137_Mar        0.816   0.813   0.811   0.810   0.818   0.824   0.796   0.818   0.829   0.816
G1S24_Cs137_Mar_2      0.832   0.838   0.823   0.819   0.817   0.824   0.807   0.823   0.827   0.840
G1S24_K40_Mar          0.823   0.816   0.819   0.812   0.821   0.810   0.796   0.817   0.835   0.819
G1S24_K40_Mar_2        0.830   0.834   0.828   0.827   0.823   0.823   0.802   0.814   0.834   0.838
G1S24_Ra226_Mar        0.817   0.814   0.819   0.815   0.818   0.827   0.785   0.826   0.835   0.817
G1S24_Ra226_Mar_2      0.832   0.838   0.823   0.820   0.817   0.816   0.812   0.828   0.837   0.840
G1S24_Th232_Mar        0.818   0.812   0.821   0.811   0.820   0.810   0.790   0.820   0.820   0.816
G1S24_Th232_Mar_2      0.833   0.837   0.825   0.822   0.823   0.819   0.797   0.827   0.840   0.838
медиана                0.827   0.823   0.823   0.820   0.819   0.818   0.804   0.818   0.832
мин                    0.809   0.812   0.811   0.810   0.809   0.804   0.785   0.800   0.790
макс                   0.834   0.838   0.830   0.832   0.827   0.836   0.828   0.833   0.844
