спектр               нуклид   масса,г  паспорт   dA,%       rev22  изм/п           A  изм/п           B  изм/п           C  изм/п
G1S16_Cs137_Mar      Cs-137       570    726.8    5.0       505.7  0.696       620.7  0.854       620.7  0.854       620.7  0.854
G1S16_Cs137_Mar_2    Cs-137      1660   2241.4    5.0      1572.2  0.701      1901.5  0.848      1901.5  0.848      1901.5  0.848
G1S16_K40_Mar        K-40         660   1669.8    6.0      1251.2  0.749      1535.6  0.920      1535.6  0.920      1535.6  0.920
G1S16_K40_Mar_2      K-40        1550   3022.5    6.0      2346.6  0.776      2860.6  0.946      2860.6  0.946      2860.6  0.946
G1S16_Mix_Mar        Am-241      1000   4106.8   10.0      4517.4  1.100      5461.0  1.330      5461.0  1.330      4329.2  1.054
G1S16_Ra226_Mar      Ra-226       620   1096.9    6.0       818.1  0.746       988.5  0.901       988.5  0.901       988.5  0.901
G1S16_Ra226_Mar_2    Ra-226      1670   2978.1    6.0      2171.6  0.729      2597.1  0.872      2597.1  0.872      2597.1  0.872
G1S16_Th232_Mar_2    Th-232       550   1232.0    6.0       922.6  0.749      1124.2  0.913      1124.2  0.913      1124.2  0.913
G1S16_Th232_Mar_3    Th-232      1600   3104.0    6.0      2447.8  0.789      2904.7  0.936      2904.7  0.936      2904.5  0.936
G1S24_Cs137_Mar      Cs-137       570    598.2    5.0       410.4  0.686       503.8  0.842       503.5  0.842       503.5  0.842
G1S24_Cs137_Mar_2    Cs-137      1660   1846.7    5.0      1217.4  0.659      1486.6  0.805      1486.6  0.805      1486.6  0.805
G1S24_K40_Mar        K-40         660   1669.8    6.0      1121.1  0.671      1373.0  0.822      1374.1  0.823      1374.1  0.823
G1S24_K40_Mar_2      K-40        1550   3022.5    6.0      2099.2  0.695      2553.2  0.845      2551.6  0.844      2551.6  0.844
G1S24_Ra226_Mar      Ra-226       620   1092.9    6.0       783.8  0.717       950.7  0.870       951.0  0.870       950.9  0.870
G1S24_Ra226_Mar_2    Ra-226      1670   2967.2    6.0      2182.2  0.735      2610.2  0.880      2612.5  0.880      2612.5  0.880
G1S24_Th232_Mar      Th-232       640    550.4    6.0       419.0  0.761       508.4  0.924       508.6  0.924       508.6  0.924
G1S24_Th232_Mar_2    Th-232      1600   3104.0    6.0      2374.6  0.765      2841.9  0.916      2841.9  0.916      2841.9  0.916

rev22      n=17  изм/паспорт: медиана 0.735, среднее 0.749 ± 0.098 (СКО), мин 0.659, макс 1.100
A          n=17  изм/паспорт: медиана 0.880, среднее 0.907 ± 0.116 (СКО), мин 0.805, макс 1.330
B          n=17  изм/паспорт: медиана 0.880, среднее 0.907 ± 0.116 (СКО), мин 0.805, макс 1.330
C          n=17  изм/паспорт: медиана 0.880, среднее 0.891 ± 0.059 (СКО), мин 0.805, макс 1.054
