сцена                             phys тело         Qk    пик662    q0_662  k100_662      Σ662   пик1461   q0_1461 k100_1461     Σ1461   пик2614   q0_2614 k100_2614     Σ2614
AS80_lu_front                       22 РАЗОШЛОСЬ   142     -0.01     +0.23     +0.32     +0.07     -0.03     +0.09     -0.03     +0.14     +0.04     -0.27     -0.65     +0.22
AS80_point0                         22 РАЗОШЛОСЬ   140     -0.00     +0.05     +0.06     -0.03     +0.04     -0.31     -0.60     -0.04     +0.08     -0.22     -0.05     -0.08
AS80_th_disk                        22 РАЗОШЛОСЬ   146     -0.01     -0.47     -0.90     -0.07     +0.00     +0.02     +1.40     +0.17     +0.00     -0.23     +0.82     +0.06
ASN16_lu_side                       22 РАЗОШЛОСЬ   142     -0.00     +0.22     +0.55     -0.28     +0.06     -0.79     -0.91     -0.23     -0.13     -0.63     -2.09     -0.04
ASN16_point0_house                  22 РАЗОШЛОСЬ   140     +0.01     +0.12     +0.26     +0.06     -0.04     +0.29     -0.18     +0.15     +0.00     -0.00     +1.26     +0.06
ASN16_point10_house                 22 РАЗОШЛОСЬ   140     -0.01     -0.24     -0.22     +0.07     -0.05     -0.73     -2.70     +0.02     -0.15     -1.15     -2.88     -0.24
G1S_denta100_oisn10_100_p16         22 РАЗОШЛОСЬ   142     +0.01     -0.32     -0.45     -0.10     +0.04     +0.14     -1.04     +0.16     -0.02     +0.03     +0.04     -0.09
G1S_denta100_risn379_100_p16        22 РАЗОШЛОСЬ   140     -0.01     -0.06     -0.16     -0.02     -0.00     +0.34     +0.45     +0.07     +0.03     -0.08     +0.20     -0.13
G1S_denta120_oisn06_057_p24         22 РАЗОШЛОСЬ   142     -0.00     -0.07     +0.01     +0.07     +0.06     -0.22     -0.21     -0.12     +0.00     +0.09     -0.27     -0.02
G1S_denta120_oisn06_062_p24         22 РАЗОШЛОСЬ   142     +0.00     -0.01     -0.01     +0.07     +0.07     -0.13     -0.07     -0.07     -0.02     -0.01     +0.33     +0.20
G1S_denta120_oisn06_064_p24         22 РАЗОШЛОСЬ   142     -0.02     -0.13     -0.29     -0.02     +0.07     +0.16     +0.82     -0.14     -0.16     -0.33     -1.55     -0.15
G1S_denta120_oisn06_066_p24         22 РАЗОШЛОСЬ   142     -0.02     -0.30     -0.24     -0.07     +0.02     -0.14     -0.50     -0.07     -0.07     -0.49     -2.07     -0.07
G1S_denta120_oisn16_155_p24         22 РАЗОШЛОСЬ   142     -0.02     +0.01     -0.19     +0.01     -0.05     -0.02     -0.82     -0.17     +0.23     +0.14     +0.38     +0.23
G1S_denta120_oisn16_160_p24         22 РАЗОШЛОСЬ   142     +0.00     +0.28     +0.14     -0.04     -0.03     -0.09     -0.29     -0.10     +0.06     +0.64     +1.60     -0.02
G1S_denta120_oisn16_166_p24         22 РАЗОШЛОСЬ   142     +0.01     +0.27     -0.18     +0.08     -0.04     +0.35     +0.27     +0.05     +0.09     +0.21     +1.08     +0.01
G1S_denta120_oisn16_167_p24         22 РАЗОШЛОСЬ   142     -0.00     +0.33     +0.17     +0.14     -0.05     +0.73     +0.71     -0.04     +0.13     +0.56     +2.20     -0.09
G1S_mar1l_coal_046_p24              22 РАЗОШЛОСЬ   140     -0.00     -0.13     -0.17     -0.00     -0.02     -0.15     +0.24     +0.02     -0.08     +0.32     +0.64     +0.11
G1S_mar1l_oisn06_055_p16            22 РАЗОШЛОСЬ   140     -0.00     +0.10     -0.11     -0.05     -0.01     +0.18     +1.63     +0.09     -0.01     +0.27     +0.69     -0.16
G1S_mar1l_oisn06_057_p16            22 РАЗОШЛОСЬ   140     +0.02     +0.27     +0.45     +0.04     -0.01     -0.01     +0.75     -0.08     -0.02     +0.74     +2.42     +0.04
G1S_mar1l_oisn06_057_p24            22 РАЗОШЛОСЬ   142     -0.01     -0.12     +0.00     -0.03     -0.04     -0.46     +0.40     -0.24     +0.04     -0.17     -0.25     +0.10
G1S_mar1l_oisn06_062_p16            22 РАЗОШЛОСЬ   140     +0.01     +0.33     +0.35     +0.08     +0.03     +0.03     +0.16     -0.04     -0.01     +0.05     -1.40     -0.10
G1S_mar1l_oisn06_062_p24            22 РАЗОШЛОСЬ   142     -0.01     -0.16     -0.11     -0.02     -0.03     -0.16     +0.39     -0.08     +0.03     +0.09     +0.40     -0.06
G1S_mar1l_oisn06_064_p24            22 РАЗОШЛОСЬ   142     -0.00     -0.20     -0.20     -0.15     +0.00     +0.63     +0.93     +0.01     -0.03     +0.19     +0.18     -0.04
G1S_mar1l_oisn06_066_p16            22 РАЗОШЛОСЬ   140     -0.00     +0.22     +0.23     +0.01     +0.00     -0.36     -0.67     -0.09     +0.01     +0.71     +0.48     +0.33
G1S_mar1l_oisn06_066_p24            22 РАЗОШЛОСЬ   142     +0.01     -0.02     +0.03     -0.05     +0.03     +0.18     +1.46     +0.04     +0.16     +0.24     +0.06     -0.01
G1S_mar1l_oisn16_155_p16            22 РАЗОШЛОСЬ   142     -0.01     +0.06     +0.21     +0.05     +0.02     -0.23     -1.08     -0.20     +0.09     +0.22     -0.85     -0.16
G1S_mar1l_oisn16_155_p24            22 РАЗОШЛОСЬ   142     -0.01     +0.60     +0.65     -0.14     +0.00     -0.35     -0.70     -0.21     +0.04     +0.62     +1.56     +0.40
G1S_mar1l_oisn16_160_p16            22 РАЗОШЛОСЬ   142     -0.02     -0.16     -0.41     -0.01     +0.04     -0.15     +0.99     +0.15     +0.08     -0.28     +0.61     -0.22
G1S_mar1l_oisn16_160_p24            22 РАЗОШЛОСЬ   142     -0.01     +0.18     +0.09     -0.12     +0.04     -0.50     +0.54     -0.18     +0.01     -1.36     -2.21     -0.72
G1S_mar1l_oisn16_166_p16            22 РАЗОШЛОСЬ   142     -0.02     -0.01     -0.00     +0.16     +0.06     -0.25     -0.18     -0.18     +0.01     +0.39     +0.71     -0.05
G1S_mar1l_oisn16_166_p24            22 РАЗОШЛОСЬ   142     -0.02     -0.70     -0.94     -0.08     +0.05     +0.16     +1.06     +0.03     +0.06     -0.78     +2.32     -0.42
G1S_mar1l_oisn16_167_p16            22 РАЗОШЛОСЬ   142     -0.01     +0.09     -0.72     +0.16     +0.04     +0.29     +1.92     +0.24     +0.05     -0.15     +0.75     -0.21
G1S_mar1l_oisn16_167_p24            22 РАЗОШЛОСЬ   142     -0.02     -0.20     -0.35     +0.07     +0.06     +0.41     +0.35     -0.07     +0.03     -1.38     -1.20     -0.67
G1S_mar1l_risn379_100_p16           22 РАЗОШЛОСЬ   140     -0.00     -0.18     -0.49     -0.15     +0.02     +0.04     +0.62     +0.08     -0.03     +0.05     +0.41     +0.07
G1S_petri60_oisn06_057_p24          22 РАЗОШЛОСЬ   142     +0.00     +0.16     -0.02     +0.04     -0.01     +0.02     -0.08     -0.05     +0.11     +0.45     +0.58     +0.06
G1S_petri60_oisn06_062_p24          22 РАЗОШЛОСЬ   142     -0.01     -0.15     -0.18     -0.01     +0.01     -0.25     -0.77     -0.03     +0.02     +0.53     +1.33     +0.16
G1S_petri60_oisn06_064_p24          22 РАЗОШЛОСЬ   142     -0.01     -0.07     +0.05     -0.00     -0.01     +0.06     -0.10     -0.03     +0.10     +0.22     +0.36     +0.01
G1S_petri60_oisn06_067_p24          22 РАЗОШЛОСЬ   142     -0.02     +0.03     -0.05     -0.00     +0.02     -0.05     -0.45     -0.05     +0.07     -0.01     +0.08     -0.08
G1S_petri60_oisn10_100_p16          22 РАЗОШЛОСЬ   142     -0.01     +0.07     +0.05     +0.04     +0.04     -0.46     -0.31     -0.12     -0.07     +0.18     +0.73     +0.04
G1S_petri60_oisn16_155_p24          22 РАЗОШЛОСЬ   142     +0.00     -0.04     -0.06     -0.04     +0.02     +0.04     -0.06     -0.01     +0.01     +0.03     -0.06     +0.03
G1S_petri60_oisn16_160_p24          22 РАЗОШЛОСЬ   142     +0.01     -0.52     -0.41     -0.18     -0.01     +0.04     +0.57     -0.02     +0.04     -0.27     -0.32     -0.02
G1S_petri60_oisn16_167_p24          22 РАЗОШЛОСЬ   142     -0.02     -0.06     +0.13     -0.05     +0.02     -0.01     +0.31     -0.08     +0.02     +0.21     +0.08     +0.31
G1S_petri60_risn379_100_p16         22 РАЗОШЛОСЬ   140     +0.01     -0.14     -0.26     +0.03     -0.05     +0.38     +1.20     +0.02     -0.14     -0.81     -0.71     -0.11
G1S_point25                         22 РАЗОШЛОСЬ   140     -0.01     +0.20     -0.18     +0.03     -0.02     +0.23     +1.58     +0.02     +0.05     +0.99     +5.51     -0.04
G1S_point5                          22 РАЗОШЛОСЬ   140     +0.01     +0.16     +0.37     +0.04     -0.01     +0.06     -0.57     +0.01     +0.06     -0.57     -0.41     -0.03
RC103_lu_front                      22 РАЗОШЛОСЬ   142     +0.08     +1.55     +1.15     -0.45     -0.09     -1.26     +2.04     -0.69     +0.02     -0.15     +0.19     +0.07
RC103_marinelli05_kcl               22 РАЗОШЛОСЬ   140     +0.04     +1.56     +1.46     -0.32     -0.20     -1.53     +2.87     -0.50     +0.00     -0.78     -0.67     +0.98
RC103_point0                        22 РАЗОШЛОСЬ   140     -0.02     -0.06     +0.05     -0.07     -0.10     -0.40     +0.22     -0.14     +0.07     -0.55     +1.36     -0.19
RC103_point50                       22 РАЗОШЛОСЬ   140     +0.00     -0.85     -0.90     -0.20     -0.01     +1.13     +1.82     +0.07     +0.11     -0.87     -1.75     -0.52
сцен 49, принято (phys=22, тело разошлось, блок Q_k полон) 49
сводка B/A−1, % по 49 сценам (медиана / мин / макс):
  пик662       -0.00 /   -0.02 /   +0.08
  q0_662       -0.01 /   -0.85 /   +1.56
  k100_662     -0.02 /   -0.94 /   +1.46
  Σ662         -0.01 /   -0.45 /   +0.16
  пик1461      +0.00 /   -0.20 /   +0.07
  q0_1461      -0.01 /   -1.53 /   +1.13
  k100_1461    +0.24 /   -2.70 /   +2.87
  Σ1461        -0.04 /   -0.69 /   +0.24
  пик2614      +0.02 /   -0.16 /   +0.23
  q0_2614      +0.03 /   -1.38 /   +0.99
  k100_2614    +0.20 /   -2.88 /   +5.51
  Σ2614        -0.03 /   -0.72 /   +0.98
