сцена                         пик мед сум мед L1 мед Δпик662 Δсум662 Δпик1461 Δпик2614
AS80_lu_front                         0.660    0.324     5.32    -0.317    -0.110    -0.483    +1.211
AS80_point0                           0.494    0.216     4.34    -0.364    +0.091    -0.667    +1.594
AS80_th_disk                          0.733    0.273     5.01    -0.389    +0.162    -0.654    -0.318
ASN16_lu_side                         1.873    0.349     6.01    -1.635    +0.026    -2.131    +6.288
G1S_denta100_oisn10_100_p16           0.945    0.293     5.41    -0.660    -0.205    -1.118    +1.648
G1S_denta100_risn379_100_p16          0.774    0.280     5.39    -1.135    -0.406    -0.981    +2.357
G1S_denta120_oisn06_057_p24           0.764    0.279     5.40    -0.784    -0.279    -0.839    +0.930
G1S_denta120_oisn06_062_p24           0.858    0.271     5.60    -0.635    -0.271    -1.276    +1.126
G1S_denta120_oisn06_064_p24           0.810    0.249     5.54    -0.776    -0.275    -1.660    +1.358
G1S_denta120_oisn06_066_p24           0.839    0.280     5.58    -0.524    -0.223    -1.636    +1.361
G1S_denta120_oisn16_155_p24           1.066    0.362     5.33    -0.936    -0.504    -0.500    +0.578
G1S_denta120_oisn16_160_p24           1.116    0.327     5.40    -0.879    -0.467    -0.647    +0.721
G1S_denta120_oisn16_166_p24           1.062    0.296     4.94    -0.627    -0.467    -0.900    +1.109
G1S_denta120_oisn16_167_p24           1.048    0.283     4.70    -0.723    -0.405    -1.028    +1.064
G1S_mar1l_oisn06_055_p16              0.745    0.252     6.38    -0.543    -0.026    -0.757    +0.225
G1S_mar1l_oisn06_057_p16              0.728    0.280     6.36    -0.439    -0.099    -0.878    +0.623
G1S_mar1l_oisn06_057_p24              0.746    0.254     5.95    -0.767    +0.236    -0.663    +0.533
G1S_mar1l_oisn06_062_p16              0.746    0.251     6.34    -0.363    -0.143    -0.314    +0.872
G1S_mar1l_oisn06_062_p24              0.814    0.282     5.95    -0.619    +0.207    -1.002    +0.900
G1S_mar1l_oisn06_064_p24              0.811    0.323     6.12    -0.544    +0.383    -0.832    +0.764
G1S_mar1l_oisn06_066_p16              0.752    0.230     6.32    -0.027    +0.380    -0.664    +0.243
G1S_mar1l_oisn06_066_p24              0.791    0.291     5.88    -0.691    +0.064    -1.137    +0.725
G1S_mar1l_oisn16_155_p16              1.048    0.326     5.52    -1.246    -0.058    -0.767    +0.718
G1S_mar1l_oisn16_155_p24              1.075    0.354     5.66    -1.258    -0.071    -0.803    +0.716
G1S_mar1l_oisn16_160_p16              0.960    0.359     5.50    -1.131    -0.151    -0.683    +0.768
G1S_mar1l_oisn16_160_p24              0.969    0.348     5.63    -1.131    -0.132    -0.696    +0.702
G1S_mar1l_oisn16_166_p16              1.014    0.374     5.69    -1.078    -0.034    -1.120    +1.012
G1S_mar1l_oisn16_166_p24              0.987    0.373     5.57    -1.169    -0.024    -0.952    +0.966
G1S_mar1l_oisn16_167_p16              1.031    0.382     5.67    -1.031    +0.122    -1.155    +1.198
G1S_mar1l_oisn16_167_p24              1.005    0.360     5.63    -1.049    +0.015    -0.924    +1.109
G1S_mar1l_risn379_100_p16             0.818    0.254     6.07    -0.345    -0.006    -0.972    +1.692
G1S_petri60_oisn06_057_p24            0.747    0.231     5.06    -0.372    +0.202    -1.124    +2.734
G1S_petri60_oisn06_062_p24            0.824    0.224     5.10    -0.588    +0.072    -0.975    +2.332
G1S_petri60_oisn06_064_p24            0.790    0.238     5.03    -0.456    +0.188    -1.043    +2.570
G1S_petri60_oisn06_067_p24            0.799    0.220     5.11    -0.408    +0.175    -1.220    +2.365
G1S_petri60_oisn10_100_p16            0.803    0.237     5.01    -0.732    -0.132    -1.341    +1.821
G1S_petri60_oisn16_155_p24            0.974    0.276     5.25    -0.784    -0.027    -1.199    +1.677
G1S_petri60_oisn16_160_p24            0.947    0.322     5.12    -0.676    +0.034    -1.029    +1.103
G1S_petri60_oisn16_167_p24            0.918    0.299     5.00    -0.956    -0.059    -0.819    +0.651
G1S_petri60_risn379_100_p16           0.790    0.216     5.43    -0.581    +0.013    -1.872    +2.209
G1S_point25                           0.519    0.879     9.81    -0.422    -2.275    -1.066    +0.538
G1S_point5                            0.607    0.239     4.51    -0.600    +0.300    -1.136    +1.309
RC103_lu_front                        3.010    0.621     8.29    -3.372    -0.635    -1.810   +22.556
RC103_marinelli05_kcl                 3.737    1.165     9.77    -3.688    +0.446    -2.608   +12.200
RC103_point0                          1.997    0.251     3.85    -4.604    -0.150    -3.948   +21.514
