=== ptfe ===

геометрия: tabata_ptfe: кристалл Cesium iodide брусок 10.0x10.0x10.0 мм, ро 4.510; источник — точка, 0.0 мм, Air, dry
     100      0 |      0.0619  0.0011   0.461   0.719    0.000 |      0.0717  0.0012   0.531   0.685    0.257
     500      0 |      0.0460  0.0009   0.394   0.722    0.000 |      0.0521  0.0010   0.452   0.694    0.197
    1000      0 |      0.0301  0.0008   0.330   0.726    0.000 |      0.0394  0.0009   0.408   0.697    0.165
    2000      0 |      0.0151  0.0005   0.255   0.742    0.000 |      0.0222  0.0007   0.345   0.688    0.126
=== al ===
геометрия: tabata_al: кристалл Cesium iodide брусок 10.0x10.0x10.0 мм, ро 4.510; источник — точка, 0.0 мм, Air, dry
     100      0 |      0.1457  0.0016   0.565   0.702    0.000 |      0.1344  0.0015   0.574   0.692    0.390
     500      0 |      0.1172  0.0014   0.485   0.707    0.000 |      0.1112  0.0014   0.499   0.699    0.306
    1000      0 |      0.0868  0.0013   0.428   0.717    0.000 |      0.0872  0.0013   0.442   0.710    0.260
    2000      0 |      0.0472  0.0009   0.336   0.725    0.000 |      0.0540  0.0010   0.378   0.700    0.205
=== mgo ===
геометрия: tabata_mgo: кристалл Cesium iodide брусок 10.0x10.0x10.0 мм, ро 4.510; источник — точка, 0.0 мм, Air, dry
     100      0 |      0.1036  0.0014   0.518   0.710    0.000 |      0.1040  0.0014   0.550   0.686    0.325
     500      0 |      0.0789  0.0012   0.438   0.716    0.000 |      0.0806  0.0012   0.477   0.695    0.250
    1000      0 |      0.0574  0.0010   0.379   0.729    0.000 |      0.0598  0.0011   0.423   0.705    0.211
    2000      0 |      0.0294  0.0008   0.297   0.733    0.000 |      0.0366  0.0008   0.366   0.710    0.163
=== c ===
геометрия: tabata_c: кристалл Cesium iodide брусок 10.0x10.0x10.0 мм, ро 4.510; источник — точка, 0.0 мм, Air, dry
     100      0 |      0.0295  0.0008   0.401   0.724    0.000 |      0.0434  0.0009   0.522   0.683    0.195
     500      0 |      0.0223  0.0007   0.344   0.729    0.000 |      0.0321  0.0008   0.446   0.686    0.149
    1000      0 |      0.0139  0.0005   0.289   0.729    0.000 |      0.0224  0.0007   0.392   0.697    0.123
    2000      0 |      0.0049  0.0003   0.219   0.744    0.000 |      0.0124  0.0005   0.328   0.694    0.093
=== cu ===
геометрия: tabata_cu: кристалл Cesium iodide брусок 10.0x10.0x10.0 мм, ро 4.510; источник — точка, 0.0 мм, Air, dry
     100      0 |      0.3469  0.0021   0.713   0.676    0.000 |      0.2792  0.0020   0.663   0.697    0.690
     500      0 |      0.3080  0.0021   0.650   0.680    0.000 |      0.2525  0.0019   0.608   0.698    0.585
    1000      0 |      0.2601  0.0020   0.593   0.684    0.000 |      0.2227  0.0019   0.560   0.699    0.521
    2000      0 |      0.1884  0.0017   0.501   0.699    0.000 |      0.1675  0.0017   0.484   0.698    0.438

