--- step=0.1 ---

     100      0 |      0.0619  0.0011   0.461   0.719    0.000 |      0.0697  0.0011   0.530   0.688    0.258
     500      0 |      0.0460  0.0009   0.394   0.722    0.000 |      0.0500  0.0010   0.454   0.694    0.196
    1000      0 |      0.0317  0.0008   0.329   0.723    0.000 |      0.0356  0.0008   0.405   0.703    0.232
--- step=0.05 ---
     100      0 |      0.0489  0.0010   0.429   0.730    0.000 |      0.0666  0.0011   0.533   0.694    0.139
     500      0 |      0.0344  0.0008   0.365   0.731    0.000 |      0.0458  0.0009   0.449   0.700    0.104
    1000      0 |      0.0230  0.0007   0.311   0.736    0.000 |      0.0311  0.0008   0.397   0.697    0.127
--- step=0.02 ---
     100      0 |      0.0341  0.0008   0.402   0.728    0.000 |      0.0619  0.0011   0.532   0.693    0.058
     500      0 |      0.0249  0.0007   0.337   0.741    0.000 |      0.0409  0.0009   0.456   0.703    0.043
    1000      0 |      0.0164  0.0006   0.290   0.729    0.000 |      0.0284  0.0007   0.405   0.693    0.053
--- step=0.01 ---
     100      0 |      0.0265  0.0007   0.405   0.726    0.000 |      0.0561  0.0010   0.549   0.687    0.029
     500      0 |      0.0192  0.0006   0.339   0.741    0.000 |      0.0378  0.0009   0.464   0.681    0.022
    1000      0 |      0.0124  0.0005   0.282   0.753    0.000 |      0.0253  0.0007   0.405   0.694    0.027

