BecqMoni: main config: D:\BqMoni_Claude\p147\wt\tools\effmaker\probes\build_s4\config\BecquerelMonitor.xml
== RC103_marinelli05_kcl: кристалл «Cesium iodide»
   штатная сетка 5…3000: узлов 86, ниже 45 кэВ — 53: 5.00 5.22 5.45 5.69 5.95 6.21 6.48 6.77 7.07 7.38 7.71 8.05 8.41 8.78 9.17 9.58 10.00 10.44 10.91 11.39 11.89 12.42 12.97 13.54 14.14 14.77 15.42 16.10 16.82 17.56 18.34 19.15 20.00 20.92 21.89 22.89 23.95 25.05 26.21 27.42 28.68 30.00 31.26 32.57 33.10 33.24 33.94 35.36 35.91 36.06 36.84 38.39 40.00
   K-край кристалла Z=53 33.169 кэВ: пара узлов есть
   K-край кристалла Z=55 35.985 кэВ: пара узлов есть
   штатная [5, 60]: узлы 5.22 5.45 5.69 5.95 6.21 6.48 6.77 7.07 7.38 7.71 8.05 8.41 8.78 9.17 9.58 10.00 10.44 10.91 11.39 11.89 12.42 12.97 13.54 14.14 14.77 15.42 16.10 16.82 17.56 18.34 19.15 20.00 20.92 21.89 22.89 23.95 25.05 26.21 27.42 28.68 30.00 31.26 32.57 33.10 33.24 33.94 35.36 35.91 36.06 36.84 38.39 40.00 50.00 60.00
   энергия, кэВ | арбитр ε | штатная лог-лог ε | отношение
      13.90 | 9.2048E-007 | 8.8419E-007 | 0.9606 (шум 10.5 %) 
      17.14 | 1.0839E-005 | 1.1778E-005 | 1.0866 (шум 7.7 %) 
      20.80 | 5.7850E-005 | 6.1833E-005 | 1.0688 (шум 8.0 %) 
      26.34 | 2.2596E-004 | 2.3418E-004 | 1.0364 (шум 4.1 %) 
      31.80 | 5.3429E-004 | 5.3967E-004 | 1.0101 (шум 2.6 %) 
      32.20 | 5.5809E-004 | 5.6002E-004 | 1.0035 (шум 2.5 %) 
      33.30 | 5.4630E-004 | 5.4061E-004 | 0.9896 (шум 2.5 %) 
      34.00 | 5.8281E-004 | 5.8262E-004 | 0.9997 (шум 2.4 %) 
      35.00 | 6.5380E-004 | 6.4331E-004 | 0.9840 (шум 2.3 %) 
      36.40 | 6.9300E-004 | 6.9182E-004 | 0.9983 (шум 2.3 %) 
   (4) пол полосы FSA при доле 0.010: FloorAtFraction 18.556 кэВ, пересечение кривой 18.556 кэВ ✅
== G1S_point5: кристалл «Sodium iodide»
   штатная сетка 5…3000: узлов 84, ниже 45 кэВ — 51: 5.00 5.22 5.45 5.69 5.95 6.21 6.48 6.77 7.07 7.38 7.71 8.05 8.41 8.78 9.17 9.58 10.00 10.44 10.91 11.39 11.89 12.42 12.97 13.54 14.14 14.77 15.42 16.10 16.82 17.56 18.34 19.15 20.00 20.92 21.89 22.89 23.95 25.05 26.21 27.42 28.68 30.00 31.26 32.57 33.10 33.24 33.94 35.36 36.84 38.39 40.00
   K-край кристалла Z=53 33.169 кэВ: пара узлов есть
   штатная [5, 60]: узлы 5.95 6.21 6.48 6.77 7.07 7.38 7.71 8.05 8.41 8.78 9.17 9.58 10.00 10.44 10.91 11.39 11.89 12.42 12.97 13.54 14.14 14.77 15.42 16.10 16.82 17.56 18.34 19.15 20.00 20.92 21.89 22.89 23.95 25.05 26.21 27.42 28.68 30.00 31.26 32.57 33.10 33.24 33.94 35.36 36.84 38.39 40.00 50.00 60.00
   энергия, кэВ | арбитр ε | штатная лог-лог ε | отношение
      13.90 | 1.7647E-004 | 1.7461E-004 | 0.9895 (шум 0.5 %) 
      17.14 | 2.5881E-003 | 2.5718E-003 | 0.9937 (шум 0.1 %) 
      20.80 | 9.9743E-003 | 9.9583E-003 | 0.9984 (шум 0.1 %) 
      26.34 | 2.3617E-002 | 2.3596E-002 | 0.9991 (шум 0.1 %) 
      31.80 | 3.3463E-002 | 3.3460E-002 | 0.9999 (шум 0.1 %) 
      32.20 | 3.4056E-002 | 3.4026E-002 | 0.9991 (шум 0.1 %) 
      33.30 | 2.7952E-002 | 2.7946E-002 | 0.9998 (шум 0.1 %) 
      34.00 | 2.8644E-002 | 2.8615E-002 | 0.9990 (шум 0.1 %) 
      35.00 | 2.9608E-002 | 2.9595E-002 | 0.9995 (шум 0.1 %) 
      36.40 | 3.0940E-002 | 3.0946E-002 | 1.0002 (шум 0.1 %) 
   (4) пол полосы FSA при доле 0.010: FloorAtFraction 14.727 кэВ, пересечение кривой 14.727 кэВ ✅
== AS80_point0: кристалл «Sodium iodide»
   штатная сетка 5…3000: узлов 84, ниже 45 кэВ — 51: 5.00 5.22 5.45 5.69 5.95 6.21 6.48 6.77 7.07 7.38 7.71 8.05 8.41 8.78 9.17 9.58 10.00 10.44 10.91 11.39 11.89 12.42 12.97 13.54 14.14 14.77 15.42 16.10 16.82 17.56 18.34 19.15 20.00 20.92 21.89 22.89 23.95 25.05 26.21 27.42 28.68 30.00 31.26 32.57 33.10 33.24 33.94 35.36 36.84 38.39 40.00
   K-край кристалла Z=53 33.169 кэВ: пара узлов есть
   штатная [5, 60]: узлы 5.00 5.22 5.45 5.69 5.95 6.21 6.48 6.77 7.07 7.38 7.71 8.05 8.41 8.78 9.17 9.58 10.00 10.44 10.91 11.39 11.89 12.42 12.97 13.54 14.14 14.77 15.42 16.10 16.82 17.56 18.34 19.15 20.00 20.92 21.89 22.89 23.95 25.05 26.21 27.42 28.68 30.00 31.26 32.57 33.10 33.24 33.94 35.36 36.84 38.39 40.00 50.00 60.00
   энергия, кэВ | арбитр ε | штатная лог-лог ε | отношение
      13.90 | 1.6287E-005 | 1.8707E-005 | 1.1485 (шум 20.8 %) 
      17.14 | 7.3027E-004 | 7.3080E-004 | 1.0007 (шум 4.0 %) 
      20.80 | 8.1664E-003 | 8.1614E-003 | 0.9994 (шум 0.5 %) 
      26.34 | 4.1454E-002 | 4.1475E-002 | 1.0005 (шум 0.3 %) 
      31.80 | 8.2973E-002 | 8.2972E-002 | 1.0000 (шум 0.3 %) 
      32.20 | 8.5708E-002 | 8.5904E-002 | 1.0023 (шум 0.3 %) 
      33.30 | 7.3358E-002 | 7.3379E-002 | 1.0003 (шум 0.3 %) 
      34.00 | 7.6629E-002 | 7.6581E-002 | 0.9994 (шум 0.3 %) 
      35.00 | 8.1664E-002 | 8.1585E-002 | 0.9990 (шум 0.3 %) 
      36.40 | 8.8488E-002 | 8.8540E-002 | 1.0006 (шум 0.3 %) 
   (4) пол полосы FSA при доле 0.010: FloorAtFraction 18.053 кэВ, пересечение кривой 18.053 кэВ ✅
✅ все проверки прошли
