A: store/RC103_point0.rmx  phys=18;5a44905c73d2b406e76822693d9d5a2b0f86405b1637f4c91f67debd4b342ba0
B: store/RC103_point50.rmx  phys=18;fc49adc09594b9f9fac1a75a1df460fbc277877fb07d159db00ec00969352c3d
      кэВ  узел        пик A        пик B   Δпик,%      сумма A      сумма B   Δсум,%    доляA    доляB
   31.509    40 1.981317e-01 2.152542e-03  -98.914 2.081524e-01 2.250567e-03  -98.919   0.9519   0.9564
   60.014    54 2.328784e-01 2.273881e-03  -99.024 2.979479e-01 2.835548e-03  -99.048   0.7816   0.8019
   99.565    65 2.426948e-01 2.416339e-03  -99.004 2.881822e-01 2.843108e-03  -99.013   0.8422   0.8499
  198.566    80 1.310591e-01 1.648760e-03  -98.742 1.721178e-01 2.099427e-03  -98.780   0.7615   0.7853
  396.010    95 3.445023e-02 4.734283e-04  -98.626 8.079036e-02 1.076095e-03  -98.668   0.4264   0.4400
  656.992   106 1.256713e-02 1.760383e-04  -98.599 5.588680e-02 7.217050e-04  -98.709   0.2249   0.2439
  994.124   115 5.919075e-03 8.265584e-05  -98.604 4.517894e-02 5.943225e-04  -98.685   0.1310   0.1391
 1436.594   123 3.181398e-03 4.374978e-05  -98.625 3.929327e-02 5.224164e-04  -98.670   0.0810   0.0837
 2613.131   136 1.054054e-03 1.487956e-05  -98.588 3.484613e-02 4.455462e-04  -98.721   0.0302   0.0334
