######## sp_G1S16_Co60_P5_a: измерено | плечи 1..5 (без каскада, +CF, +сумм изотропно, +угловые, +наложения) | подслой Σ плеча 3
    807   2402.2       16      31.6      31.6      25.8      25.7      25.8       2.2
    808   2405.2       11      31.3      31.3      26.0      25.9      26.0       2.6
    809   2408.2        8      31.0      31.0      26.3      26.3      26.3       3.2
    810   2411.1       12      30.7      30.7      26.7      26.7      26.7       3.8
    811   2414.1        7      30.4      30.3      27.2      27.3      27.2       4.5
    812   2417.0       14      30.0      30.0      27.8      28.0      27.8       5.4
    813   2420.0        8      29.7      29.7      28.5      28.8      28.5       6.4
    814   2423.0        8      29.4      29.4      29.4      29.8      29.4       7.5
    815   2425.9       10      29.1      29.1      30.4      30.9      30.4       8.7
    816   2428.9        6      28.8      28.8      31.6      32.2      31.6      10.1
    817   2431.8       14      28.4      28.4      32.9      33.7      32.9      11.7
    818   2434.8       13      28.1      28.1      34.5      35.4      34.5      13.5
    819   2437.7        7      27.8      27.8      36.2      37.3      36.2      15.5
    820   2440.7       11      27.5      27.5      38.1      39.4      38.1      17.6
    821   2443.7       12      27.2      27.2      40.2      41.7      40.2      20.0
    822   2446.6       12      26.8      26.8      42.6      44.3      42.6      22.6
    823   2449.6       13      26.5      26.5      45.1      47.0      45.1      25.4
    824   2452.5       11      26.2      26.2      47.8      50.0      47.8      28.3
    825   2455.5       11      25.9      25.9      50.8      53.2      50.8      31.5
    826   2458.4       18      25.6      25.6      53.9      56.6      53.9      34.8
    827   2461.4       14      25.3      25.2      57.1      60.2      57.1      38.3
    828   2464.3       13      24.9      24.9      60.5      63.9      60.5      42.0
    829   2467.3       22      24.6      24.6      64.1      67.8      64.1      45.8
    830   2470.2       27      24.3      24.3      67.7      71.7      67.7      49.6
    831   2473.2       28      24.0      24.0      71.4      75.7      71.4      53.5
    832   2476.1       14      23.7      23.7      75.0      79.8      75.0      57.5
    833   2479.1       38      23.3      23.3      78.7      83.8      78.7      61.4
    834   2482.0       29      23.0      23.0      82.3      87.7      82.3      65.2
    835   2485.0       35      22.7      22.7      85.9      91.6      85.9      69.0
    836   2487.9       27      22.4      22.4      89.2      95.3      89.2      72.6
    837   2490.9       52      22.1      22.1      92.4      98.7      92.4      76.0
    838   2493.8       39      21.7      21.7      95.4     102.0      95.4      79.2
    839   2496.7       55      21.4      21.4      98.0     104.9      98.0      82.1
    840   2499.7       59      21.1      21.1     100.4     107.5     100.4      84.7
    841   2502.6       60      20.8      20.8     102.4     109.6     102.4      87.0
    842   2505.6       74      20.5      20.5     104.0     111.4     104.0      88.8
    843   2508.5       58      20.2      20.1     105.2     112.8     105.2      90.3
    844   2511.5       85      19.8      19.8     106.0     113.6     106.0      91.3
    845   2514.4       75      19.5      19.5     106.3     114.0     106.3      91.8
    846   2517.3       65      19.2      19.2     106.2     113.9     106.2      92.0
    847   2520.3       79      18.9      18.9     105.6     113.2     105.6      91.6
    848   2523.2       75      18.6      18.6     104.5     112.1     104.5      90.8
    849   2526.2      100      18.2      18.2     103.0     110.5     103.0      89.6
    850   2529.1       79      17.9      17.9     101.1     108.5     101.1      87.9
    851   2532.0       95      17.6      17.6      98.8     106.0      98.8      85.8
    852   2535.0       78      17.3      17.3      96.2     103.1      96.2      83.4
    853   2537.9       95      17.0      17.0      93.2      99.9      93.2      80.6
    854   2540.9       83      16.6      16.6      89.9      96.3      89.9      77.6
    855   2543.8      107      16.3      16.3      86.3      92.5      86.3      74.2
    856   2546.7      103      16.0      16.0      82.5      88.4      82.5      70.7
    857   2549.7       96      15.7      15.7      78.6      84.2      78.6      67.0
    858   2552.6       98      15.4      15.4      74.5      79.8      74.5      63.2
    859   2555.5      110      15.1      15.0      70.4      75.3      70.4      59.3
    860   2558.5       88      14.7      14.7      66.2      70.8      66.2      55.4
    861   2561.4       75      14.4      14.4      62.0      66.3      62.0      51.4
    862   2564.3       86      14.1      14.1      57.9      61.8      57.9      47.5
    863   2567.3       76      13.8      13.8      53.9      57.5      53.9      43.7
    864   2570.2       78      13.5      13.5      49.9      53.2      49.9      40.0
    865   2573.1       67      13.1      13.1      46.1      49.1      46.1      36.5
    866   2576.1       61      12.8      12.8      42.4      45.1      42.4      33.0
    867   2579.0       62      12.5      12.5      38.9      41.4      38.9      29.8
    868   2581.9       57      12.2      12.2      35.6      37.8      35.6      26.7
    869   2584.8       47      11.9      11.9      32.5      34.5      32.5      23.9
    870   2587.8       57      11.5      11.5      29.6      31.3      29.6      21.2
    871   2590.7       55      11.2      11.2      26.9      28.4      26.9      18.7
    872   2593.6       37      10.9      10.9      24.4      25.7      24.4      16.5
    873   2596.5       27      10.6      10.6      22.1      23.2      22.1      14.4
    874   2599.5       25      10.3      10.3      20.0      21.0      20.0      12.5
######## sp_G1S24_Co60_P5_a: измерено | плечи 1..5 (без каскада, +CF, +сумм изотропно, +угловые, +наложения) | подслой Σ плеча 3
    816   2400.3       22      54.3      54.3      50.1      50.4      50.1      13.2
    817   2403.2       20      53.8      53.8      51.8      52.3      51.8      15.2
    818   2406.1       23      53.3      53.2      53.7      54.4      53.7      17.5
    819   2409.0       19      52.8      52.7      55.9      56.8      55.9      20.0
    820   2411.9       27      52.2      52.2      58.3      59.5      58.3      22.8
    821   2414.8       17      51.7      51.7      61.0      62.4      61.0      25.9
    822   2417.7       27      51.2      51.2      64.0      65.7      64.0      29.2
    823   2420.6       23      50.7      50.7      67.3      69.3      67.3      32.8
    824   2423.5       20      50.2      50.2      70.9      73.3      70.9      36.8
    825   2426.4       22      49.7      49.7      74.8      77.5      74.8      41.0
    826   2429.3       30      49.2      49.1      78.9      82.1      78.9      45.5
    827   2432.2       42      48.7      48.6      83.4      86.9      83.4      50.3
    828   2435.1       34      48.1      48.1      88.1      92.1      88.1      55.4
    829   2437.9       41      47.6      47.6      93.1      97.5      93.1      60.7
    830   2440.8       46      47.1      47.1      98.2     103.2      98.2      66.2
    831   2443.7       44      46.6      46.6     103.6     109.1     103.6      72.0
    832   2446.6       41      46.1      46.1     109.2     115.1     109.2      77.9
    833   2449.5       65      45.6      45.6     114.9     121.4     114.9      83.9
    834   2452.4       62      45.1      45.1     120.6     127.6     120.6      90.0
    835   2455.3       75      44.6      44.5     126.4     134.0     126.4      96.2
    836   2458.2       81      44.1      44.0     132.2     140.3     132.2     102.3
    837   2461.1       71      43.5      43.5     137.9     146.5     137.9     108.3
    838   2464.0       79      43.0      43.0     143.5     152.6     143.5     114.3
    839   2466.9       99      42.5      42.5     148.9     158.5     148.9     120.0
    840   2469.8       89      42.0      42.0     154.0     164.1     154.0     125.5
    841   2472.7       91      41.5      41.5     158.8     169.4     158.8     130.7
    842   2475.6      110      41.0      41.0     163.3     174.3     163.3     135.5
    843   2478.5      113      40.5      40.5     167.3     178.7     167.3     139.9
    844   2481.4      129      40.0      39.9     170.9     182.6     170.9     143.8
    845   2484.3      123      39.4      39.4     173.9     185.9     173.9     147.2
    846   2487.2      122      38.9      38.9     176.4     188.7     176.4     150.0
    847   2490.1      135      38.4      38.4     178.3     190.8     178.3     152.2
    848   2492.9      145      37.9      37.9     179.5     192.2     179.5     153.8
    849   2495.8      145      37.4      37.4     180.2     192.9     180.2     154.8
    850   2498.7      159      36.9      36.9     180.1     192.9     180.1     155.1
    851   2501.6      157      36.4      36.4     179.4     192.1     179.4     154.8
    852   2504.5      151      35.9      35.8     178.0     190.7     178.0     153.7
    853   2507.4      158      35.4      35.3     176.0     188.6     176.0     152.1
    854   2510.3      175      34.8      34.8     173.4     185.7     173.4     149.8
    855   2513.2      149      34.3      34.3     170.2     182.3     170.2     146.9
    856   2516.1      176      33.8      33.8     166.4     178.2     166.4     143.5
    857   2519.0      180      33.3      33.3     162.1     173.6     162.1     139.5
    858   2521.9      155      32.8      32.8     157.3     168.4     157.3     135.1
    859   2524.8      157      32.3      32.3     152.1     162.8     152.1     130.3
    860   2527.7      141      31.8      31.8     146.6     156.8     146.6     125.1
    861   2530.6      140      31.3      31.2     140.7     150.5     140.7     119.6
    862   2533.5      132      30.7      30.7     134.6     143.9     134.6     113.8
    863   2536.3      147      30.2      30.2     128.4     137.2     128.4     107.9
    864   2539.2      134      29.7      29.7     121.9     130.2     121.9     101.8
    865   2542.1      144      29.2      29.2     115.5     123.2     115.5      95.7
    866   2545.0      126      28.7      28.7     109.0     116.2     109.0      89.6
    867   2547.9      131      28.2      28.2     102.5     109.2     102.5      83.5
    868   2550.8       97      27.7      27.7      96.1     102.4      96.1      77.4
    869   2553.7      120      27.2      27.2      89.9      95.6      89.9      71.5
    870   2556.6       95      26.7      26.6      83.8      89.1      83.8      65.8
    871   2559.5       87      26.1      26.1      77.9      82.7      77.9      60.3
    872   2562.4       67      25.6      25.6      72.3      76.6      72.3      55.0
    873   2565.3       73      25.1      25.1      66.9      70.8      66.9      49.9
    874   2568.2       63      24.6      24.6      61.8      65.3      61.8      45.2
    875   2571.0       42      24.1      24.1      56.9      60.0      56.9      40.7
    876   2573.9       56      23.6      23.6      52.4      55.1      52.4      36.5
    877   2576.8       43      23.1      23.1      48.1      50.6      48.1      32.6
    878   2579.7       36      22.6      22.5      44.2      46.3      44.2      29.0
    879   2582.6       38      22.0      22.0      40.5      42.3      40.5      25.6
    880   2585.5       50      21.5      21.5      37.1      38.7      37.1      22.6
    881   2588.4       25      21.0      21.0      34.0      35.4      34.0      19.8
    882   2591.3       22      20.5      20.5      31.1      32.3      31.1      17.3
    883   2594.2       21      20.0      20.0      28.5      29.5      28.5      15.1
    884   2597.1       32      19.5      19.5      26.2      27.0      26.2      13.1
    885   2600.0       17      19.0      19.0      24.0      24.7      24.0      11.3
######## sp_G1S16_Co60_P5_d7: измерено | плечи 1..5 (без каскада, +CF, +сумм изотропно, +угловые, +наложения) | подслой Σ плеча 3
    807   2402.2       16      31.6      31.6      25.9      25.8      25.9       1.9
    808   2405.2       11      31.3      31.3      26.1      26.0      26.1       2.3
    809   2408.2        8      31.0      31.0      26.3      26.3      26.3       2.8
    810   2411.1       12      30.7      30.7      26.6      26.7      26.6       3.3
    811   2414.1        7      30.4      30.3      27.0      27.1      27.0       4.0
    812   2417.0       14      30.0      30.0      27.5      27.7      27.5       4.7
    813   2420.0        8      29.7      29.7      28.1      28.4      28.1       5.5
    814   2423.0        8      29.4      29.4      28.8      29.2      28.8       6.5
    815   2425.9       10      29.1      29.1      29.7      30.1      29.7       7.6
    816   2428.9        6      28.8      28.8      30.7      31.2      30.7       8.9
    817   2431.8       14      28.4      28.4      31.8      32.5      31.8      10.2
    818   2434.8       13      28.1      28.1      33.1      33.9      33.1      11.8
    819   2437.7        7      27.8      27.8      34.6      35.6      34.6      13.5
    820   2440.7       11      27.5      27.5      36.2      37.4      36.2      15.4
    821   2443.7       12      27.2      27.2      38.1      39.4      38.1      17.5
    822   2446.6       12      26.8      26.8      40.1      41.6      40.1      19.7
    823   2449.6       13      26.5      26.5      42.2      44.0      42.2      22.1
    824   2452.5       11      26.2      26.2      44.6      46.6      44.6      24.7
    825   2455.5       11      25.9      25.9      47.1      49.3      47.1      27.5
    826   2458.4       18      25.6      25.6      49.8      52.3      49.8      30.4
    827   2461.4       14      25.3      25.2      52.6      55.4      52.6      33.4
    828   2464.3       13      24.9      24.9      55.5      58.6      55.5      36.6
    829   2467.3       22      24.6      24.6      58.6      61.9      58.6      39.9
    830   2470.2       27      24.3      24.3      61.7      65.4      61.7      43.3
    831   2473.2       28      24.0      24.0      64.9      68.8      64.9      46.7
    832   2476.1       14      23.7      23.7      68.0      72.3      68.0      50.1
    833   2479.1       38      23.3      23.3      71.2      75.8      71.2      53.6
    834   2482.0       29      23.0      23.0      74.3      79.3      74.3      56.9
    835   2485.0       35      22.7      22.7      77.4      82.6      77.4      60.2
    836   2487.9       27      22.4      22.4      80.3      85.8      80.3      63.4
    837   2490.9       52      22.1      22.1      83.0      88.8      83.0      66.3
    838   2493.8       39      21.7      21.7      85.6      91.6      85.6      69.1
    839   2496.7       55      21.4      21.4      87.9      94.1      87.9      71.7
    840   2499.7       59      21.1      21.1      89.9      96.3      89.9      73.9
    841   2502.6       60      20.8      20.8      91.6      98.2      91.6      75.9
    842   2505.6       74      20.5      20.5      93.0      99.8      93.0      77.5
    843   2508.5       58      20.2      20.1      94.0     100.9      94.0      78.8
    844   2511.5       85      19.8      19.8      94.6     101.6      94.6      79.6
    845   2514.4       75      19.5      19.5      94.9     101.9      94.9      80.1
    846   2517.3       65      19.2      19.2      94.7     101.8      94.7      80.2
    847   2520.3       79      18.9      18.9      94.2     101.2      94.2      79.9
    848   2523.2       75      18.6      18.6      93.2     100.2      93.2      79.2
    849   2526.2      100      18.2      18.2      91.9      98.8      91.9      78.1
    850   2529.1       79      17.9      17.9      90.2      96.9      90.2      76.7
    851   2532.0       95      17.6      17.6      88.2      94.7      88.2      74.9
    852   2535.0       78      17.3      17.3      85.8      92.2      85.8      72.8
    853   2537.9       95      17.0      17.0      83.1      89.3      83.1      70.4
    854   2540.9       83      16.6      16.6      80.2      86.2      80.2      67.7
    855   2543.8      107      16.3      16.3      77.1      82.8      77.1      64.8
    856   2546.7      103      16.0      16.0      73.8      79.2      73.8      61.7
    857   2549.7       96      15.7      15.7      70.3      75.4      70.3      58.5
    858   2552.6       98      15.4      15.4      66.7      71.5      66.7      55.2
    859   2555.5      110      15.1      15.0      63.1      67.6      63.1      51.8
    860   2558.5       88      14.7      14.7      59.4      63.6      59.4      48.3
    861   2561.4       75      14.4      14.4      55.7      59.6      55.7      44.9
    862   2564.3       86      14.1      14.1      52.1      55.7      52.1      41.5
    863   2567.3       76      13.8      13.8      48.5      51.8      48.5      38.2
    864   2570.2       78      13.5      13.5      45.0      48.0      45.0      34.9
    865   2573.1       67      13.1      13.1      41.7      44.4      41.7      31.8
    866   2576.1       61      12.8      12.8      38.4      40.9      38.4      28.8
    867   2579.0       62      12.5      12.5      35.3      37.6      35.3      26.0
    868   2581.9       57      12.2      12.2      32.4      34.4      32.4      23.3
    869   2584.8       47      11.9      11.9      29.7      31.4      29.7      20.8
    870   2587.8       57      11.5      11.5      27.1      28.7      27.1      18.5
    871   2590.7       55      11.2      11.2      24.7      26.1      24.7      16.3
    872   2593.6       37      10.9      10.9      22.5      23.7      22.5      14.4
    873   2596.5       27      10.6      10.6      20.5      21.5      20.5      12.6
    874   2599.5       25      10.3      10.3      18.6      19.5      18.6      11.0
######## sp_G1S24_Co60_P5_d7: измерено | плечи 1..5 (без каскада, +CF, +сумм изотропно, +угловые, +наложения) | подслой Σ плеча 3
    816   2400.3       22      54.3      54.3      49.9      50.0      49.9      11.5
    817   2403.2       20      53.8      53.8      51.4      51.6      51.4      13.3
    818   2406.1       23      53.3      53.2      53.0      53.4      53.0      15.3
    819   2409.0       19      52.8      52.7      54.8      55.4      54.8      17.5
    820   2411.9       27      52.2      52.2      56.9      57.7      56.9      19.9
    821   2414.8       17      51.7      51.7      59.2      60.3      59.2      22.6
    822   2417.7       27      51.2      51.2      61.7      63.1      61.7      25.5
    823   2420.6       23      50.7      50.7      64.5      66.2      64.5      28.7
    824   2423.5       20      50.2      50.2      67.6      69.6      67.6      32.1
    825   2426.4       22      49.7      49.7      70.9      73.3      70.9      35.8
    826   2429.3       30      49.2      49.2      74.5      77.2      74.5      39.7
    827   2432.2       42      48.7      48.6      78.3      81.4      78.3      43.9
    828   2435.1       34      48.1      48.1      82.4      85.9      82.4      48.3
    829   2437.9       41      47.6      47.6      86.7      90.6      86.7      53.0
    830   2440.8       46      47.1      47.1      91.1      95.5      91.1      57.8
    831   2443.7       44      46.6      46.6      95.8     100.6      95.8      62.8
    832   2446.6       41      46.1      46.1     100.6     105.9     100.6      68.0
    833   2449.5       65      45.6      45.6     105.5     111.3     105.5      73.3
    834   2452.4       62      45.1      45.1     110.5     116.7     110.5      78.6
    835   2455.3       75      44.6      44.5     115.5     122.2     115.5      84.0
    836   2458.2       81      44.1      44.0     120.5     127.7     120.5      89.3
    837   2461.1       71      43.5      43.5     125.4     133.1     125.4      94.6
    838   2464.0       79      43.0      43.0     130.2     138.4     130.2      99.8
    839   2466.9       99      42.5      42.5     134.8     143.5     134.8     104.8
    840   2469.8       89      42.0      42.0     139.3     148.4     139.3     109.6
    841   2472.7       91      41.5      41.5     143.4     152.9     143.4     114.1
    842   2475.6      110      41.0      41.0     147.2     157.2     147.2     118.3
    843   2478.5      113      40.5      40.5     150.7     161.0     150.7     122.1
    844   2481.4      129      40.0      39.9     153.8     164.4     153.8     125.6
    845   2484.3      123      39.4      39.4     156.4     167.2     156.4     128.5
    846   2487.2      122      38.9      38.9     158.5     169.6     158.5     131.0
    847   2490.1      135      38.4      38.4     160.1     171.4     160.1     132.9
    848   2492.9      145      37.9      37.9     161.1     172.5     161.1     134.4
    849   2495.8      145      37.4      37.4     161.6     173.1     161.6     135.2
    850   2498.7      159      36.9      36.9     161.5     173.0     161.5     135.5
    851   2501.6      157      36.4      36.4     160.8     172.4     160.8     135.2
    852   2504.5      151      35.9      35.9     159.6     171.0     159.6     134.3
    853   2507.4      158      35.4      35.3     157.8     169.1     157.8     132.8
    854   2510.3      175      34.8      34.8     155.4     166.6     155.4     130.8
    855   2513.2      149      34.3      34.3     152.6     163.5     152.6     128.3
    856   2516.1      176      33.8      33.8     149.2     159.9     149.2     125.3
    857   2519.0      180      33.3      33.3     145.4     155.8     145.4     121.9
    858   2521.9      155      32.8      32.8     141.2     151.2     141.2     118.0
    859   2524.8      157      32.3      32.3     136.6     146.2     136.6     113.8
    860   2527.7      141      31.8      31.8     131.7     140.9     131.7     109.3
    861   2530.6      140      31.3      31.2     126.5     135.4     126.5     104.5
    862   2533.5      132      30.7      30.7     121.1     129.5     121.1      99.4
    863   2536.3      147      30.2      30.2     115.6     123.5     115.6      94.3
    864   2539.2      134      29.7      29.7     109.9     117.4     109.9      89.0
    865   2542.1      144      29.2      29.2     104.2     111.2     104.2      83.6
    866   2545.0      126      28.7      28.7      98.5     105.0      98.5      78.3
    867   2547.9      131      28.2      28.2      92.8      98.8      92.8      72.9
    868   2550.8       97      27.7      27.7      87.1      92.7      87.1      67.7
    869   2553.7      120      27.2      27.2      81.6      86.8      81.6      62.5
    870   2556.6       95      26.7      26.6      76.3      81.0      76.3      57.5
    871   2559.5       87      26.1      26.1      71.1      75.3      71.1      52.7
    872   2562.4       67      25.6      25.6      66.1      69.9      66.1      48.1
    873   2565.3       73      25.1      25.1      61.3      64.8      61.3      43.6
    874   2568.2       63      24.6      24.6      56.8      59.9      56.8      39.5
    875   2571.0       42      24.1      24.1      52.5      55.2      52.5      35.5
    876   2573.9       56      23.6      23.6      48.4      50.9      48.4      31.9
    877   2576.8       43      23.1      23.1      44.7      46.8      44.7      28.5
    878   2579.7       36      22.6      22.6      41.1      43.0      41.1      25.3
    879   2582.6       38      22.0      22.0      37.9      39.5      37.9      22.4
    880   2585.5       50      21.5      21.5      34.9      36.2      34.9      19.7
    881   2588.4       25      21.0      21.0      32.1      33.3      32.1      17.3
    882   2591.3       22      20.5      20.5      29.5      30.5      29.5      15.1
    883   2594.2       21      20.0      20.0      27.2      28.0      27.2      13.2
    884   2597.1       32      19.5      19.5      25.1      25.8      25.1      11.4
    885   2600.0       17      19.0      19.0      23.2      23.7      23.2       9.9
