геометрия: G1S_point5: кристалл Sodium iodide цилиндр 63.00x63.00 мм, ро 3.667; источник — точка, 50.0 мм, Air, dry
кривая света: NaI:Tl; историй 200000, бин 1.00 кэВ

   E, кэВ    свет пика/E   ±статистика, %    (Khodyuk CsI:Tl: 1.12 на 10 кэВ, провал у 33.2/36.0)
     10.0    1.1515          0.21
     15.0    1.1522          0.14
     20.0    1.1386          0.13
     25.0    1.1212          0.13
     30.0    1.1050          0.13
     32.0    1.0993          0.13
     33.0    1.0962          0.13
     34.0    1.1062          0.19
     35.0    1.1062          0.19
     36.0    1.1060          0.19
     38.0    1.1052          0.18
     40.0    1.1042          0.18
     45.0    1.0989          0.17
     50.0    1.0927          0.17
     59.5    1.0747          0.16
     70.0    1.0697          0.15
     81.0    1.0601          0.15
     88.0    1.0550          0.15
    100.0    1.0480          0.15
    122.0    1.0388          0.15
    150.0    1.0315          0.16
    200.0    1.0242          0.19
    245.0    1.0206          0.22
    300.0    1.0179          0.25
    344.0    1.0161          0.28
    400.0    1.0142          0.31
    511.0    1.0116          0.38
    583.0    1.0103          0.41
    662.0    1.0091          0.44
    860.0    1.0070          0.52
   1000.0    1.0060          0.57
   1173.0    1.0051          0.62
   1332.0    1.0044          0.67
   1408.0    1.0042          0.69
   1836.0    1.0031          0.80
   2614.0    1.0021          0.97
