спектр            окно        base: n/m     χ²    Δцт |        naiB: n/m     χ²    Δцт |       rev36: n/m     χ²    Δцт
G1S16_Ba133_P5    Kα           0.9902       39 +0.000 |         0.9924       24 +0.000 |         0.9924       24 +0.000
G1S16_Ba133_P5    Kβ           1.2019     2237 +0.000 |         1.1106      727 +0.000 |         1.1106      727 +0.000
G1S24_Ba133_P5    Kα           1.0593    45900 +0.257 |         1.0603    41129 +0.243 |         1.0603    41129 +0.243
G1S24_Ba133_P5    Kβ           1.9670   132607 +0.024 |         1.8577   110609 +0.030 |         1.8577   110609 +0.030
G1S16_Ba133_P25   Kα           0.9976        0 +0.000 |         1.0050        1 +0.000 |         1.0050        1 +0.000
G1S16_Ba133_P25   Kβ           1.1848      158 +0.000 |         1.1213       72 +0.000 |         1.1213       72 +0.000
ASN16_Cs137       Kα           0.9421    62409 +0.046 |                              — |         0.9445    57774 +0.045
ASN16_Cs137       Kβ           1.0390    12500 +0.027 |                              — |         1.0325     8736 +0.022
G1S16_Cs137_P5    Kα           1.0311      282 +0.053 |         1.0301      200 +0.041 |         1.0301      200 +0.041
G1S16_Cs137_P5    Kβ           1.0278      323 -0.128 |         1.0070      231 -0.114 |         1.0070      231 -0.114
G1S24_Cs137_P5    Kα           0.8278     7407 -0.116 |         0.8302     7125 -0.111 |         0.8302     7125 -0.111
G1S24_Cs137_P5    Kβ           1.0087      587 +0.085 |         1.0116      500 +0.078 |         1.0116      500 +0.078
G1S16_Cs137_P25   Kα           0.9110      120 +0.014 |         0.9147      111 +0.018 |         0.9147      111 +0.018
G1S16_Cs137_P25   Kβ           1.0551       26 +0.019 |         1.0624       31 +0.011 |         1.0624       31 +0.011
G1S24_Cs137_P25   Kα           0.8557      784 -0.141 |         0.8588      756 -0.140 |         0.8588      756 -0.140
G1S24_Cs137_P25   Kβ           1.0488      247 +0.145 |         1.0488      230 +0.139 |         1.0488      230 +0.139
G1S16_Ce139_P5    Kα           0.8854      336 -0.000 |         0.8790      378 +0.000 |         0.8790      378 +0.000
G1S16_Ce139_P5    Kβ           0.9147       80 +0.000 |         0.9260       59 +0.000 |         0.9260       59 +0.000
G1S16_Ce139_P25   Kα           0.8672       32 +0.000 |         0.8632       35 +0.000 |         0.8632       35 +0.000
G1S16_Ce139_P25   Kβ           1.0151       13 -0.099 |         1.0211       12 -0.093 |         1.0211       12 -0.093
