матрица G1S_point5.rmx (формат 9, 140 узлов); сайдкар G1S_point5.qk (phys=18;a56b959512b9, historiй 300000, 24 узлов)
         E |  Q2 side  Q2 matr    dQ2 s      z |  Q4 side  Q4 matr    dQ4 s      z | Q2T side Q2T matr      z | Q4T side Q4T matr      z |  eps side  eps matr      d%
     30.00 |   0.8046   0.8045   0.0002   0.56 |   0.4474   0.4471   0.0006   0.56 |   0.8039   0.8038   0.48 |   0.4457   0.4454   0.49 |   0.03668   0.03663   -0.14
     36.65 |   0.8036   0.8034   0.0003   0.79 |   0.4448   0.4443   0.0007   0.66 |   0.8014   0.8012   0.69 |   0.4396   0.4392   0.57 |   0.03682   0.03676   -0.17
     44.77 |   0.8033   0.8032   0.0003   0.48 |   0.4439   0.4436   0.0007   0.36 |   0.8007   0.8008   0.10 |   0.4379   0.4379   0.14 |   0.04393     0.044    0.14
     54.70 |   0.8032   0.8037   0.0003   1.78 |   0.4435   0.4447   0.0006   1.82 |   0.8006   0.8011   1.73 |   0.4375   0.4386   1.81 |   0.04931   0.04931   -0.00
     66.83 |   0.8047   0.8047   0.0002   0.02 |   0.4470   0.4471   0.0006   0.13 |   0.8021   0.8020   0.48 |   0.4409   0.4407   0.31 |   0.05279   0.05292    0.24
     81.64 |   0.8063   0.8065   0.0002   0.67 |   0.4508   0.4512   0.0006   0.64 |   0.8034   0.8036   0.95 |   0.4440   0.4446   0.91 |   0.05525   0.05525    0.00
     99.74 |   0.8096   0.8095   0.0002   0.31 |   0.4586   0.4584   0.0006   0.32 |   0.8065   0.8064   0.44 |   0.4514   0.4511   0.45 |   0.05605   0.05607    0.03
    121.85 |   0.8144   0.8144   0.0002   0.17 |   0.4701   0.4702   0.0006   0.17 |   0.8107   0.8108   0.49 |   0.4613   0.4617   0.50 |   0.05552   0.05549   -0.06
    148.86 |   0.8212   0.8214   0.0002   0.87 |   0.4869   0.4874   0.0006   0.78 |   0.8166   0.8168   0.89 |   0.4759   0.4764   0.78 |   0.05356   0.05359    0.05
    181.86 |   0.8307   0.8305   0.0002   0.63 |   0.5108   0.5104   0.0006   0.66 |   0.8242   0.8242   0.15 |   0.4949   0.4950   0.11 |   0.05019   0.05021    0.04
    222.17 |   0.8403   0.8407   0.0002   1.63 |   0.5357   0.5368   0.0006   1.64 |   0.8315   0.8320   2.03 |   0.5137   0.5150   2.07 |   0.04553   0.04554    0.01
    271.42 |   0.8511   0.8506   0.0003   1.93 |   0.5642   0.5628   0.0007   2.00 |   0.8397   0.8392   1.76 |   0.5349   0.5337   1.79 |   0.03995   0.03997    0.06
    331.59 |   0.8589   0.8589   0.0003   0.01 |   0.5848   0.5848   0.0007   0.01 |   0.8450   0.8451   0.45 |   0.5489   0.5491   0.40 |   0.03398   0.03397   -0.03
    405.09 |   0.8661   0.8654   0.0003   2.28 |   0.6040   0.6022   0.0008   2.21 |   0.8502   0.8495   2.70 |   0.5626   0.5607   2.65 |   0.02824   0.02813   -0.38
    494.89 |   0.8697   0.8702   0.0003   1.65 |   0.6138   0.6153   0.0009   1.66 |   0.8528   0.8527   0.46 |   0.5694   0.5691   0.40 |   0.02303   0.02311    0.33
    604.60 |   0.8742   0.8739   0.0003   0.74 |   0.6259   0.6253   0.0009   0.67 |   0.8552   0.8553   0.30 |   0.5757   0.5760   0.38 |   0.01893   0.01889   -0.22
    738.63 |   0.8772   0.8772   0.0004   0.07 |   0.6341   0.6343   0.0010   0.16 |   0.8575   0.8576   0.39 |   0.5819   0.5822   0.40 |   0.01554   0.01548   -0.39
    902.37 |   0.8796   0.8795   0.0004   0.37 |   0.6408   0.6403   0.0011   0.46 |   0.8594   0.8593   0.13 |   0.5869   0.5867   0.27 |   0.01269   0.01272    0.25
   1102.40 |   0.8825   0.8823   0.0004   0.60 |   0.6487   0.6479   0.0012   0.69 |   0.8612   0.8611   0.38 |   0.5918   0.5915   0.39 |   0.01045   0.01051    0.60
   1346.78 |   0.8840   0.8844   0.0005   0.90 |   0.6526   0.6538   0.0013   0.87 |   0.8624   0.8626   0.62 |   0.5949   0.5954   0.69 |  0.008685  0.008676   -0.11
   1645.33 |   0.8867   0.8866   0.0005   0.09 |   0.6598   0.6598   0.0014   0.01 |   0.8633   0.8637   1.12 |   0.5973   0.5982   1.10 |  0.007086  0.007169    1.17
   2010.06 |   0.8891   0.8889   0.0006   0.26 |   0.6665   0.6660   0.0016   0.30 |   0.8652   0.8648   1.41 |   0.6025   0.6011   1.50 |  0.005869  0.005864   -0.08
   2455.64 |   0.8912   0.8915   0.0006   0.46 |   0.6723   0.6729   0.0017   0.35 |   0.8661   0.8657   1.10 |   0.6047   0.6036   1.21 |    0.0048  0.004821    0.43
   3000.00 |   0.8947   0.8945   0.0007   0.39 |   0.6819   0.6813   0.0019   0.32 |   0.8662   0.8665   1.05 |   0.6048   0.6058   1.03 |  0.003981  0.003936   -1.12
узлов сайдкара 24, вне 3σ 0; худшее 2.70 σ при 405.1 кэВ
Geant4 П85 при 1173 кэВ: Q2 матрица 0.8830 против 0.8832 (-0.02 %), Q4 0.6499 против 0.6504 (-0.07 %)
Geant4 П85 при 1332 кэВ: Q2 матрица 0.8844 против 0.8848 (-0.04 %), Q4 0.6537 против 0.6549 (-0.18 %)
