
=== HPGe 10%: HPGe, D 4,90 см, H 2,20 см, окно 1,10 г/см2 (Z 13), расстояние 100,5 см, Ω/4π 1,485E-004
   энергия   GADRAS      наш   наш/GADRAS  стат.,%
        30    0,348   31,498     90,539    1,97
        40    2,406   55,665     23,139    1,97
        50   10,879   68,308      6,279    1,94
        60   24,499   73,457      2,998    1,99
        80   48,599   79,650      1,639    1,94
       100   61,529   76,081      1,237    2,19
       150   61,287   70,013      1,142    2,56
       200   47,238   51,145      1,083    3,60
       300   27,857   33,511      1,203    5,07
       400   18,709   20,347      1,088    7,04
       500   13,905   15,272      1,098    8,37
       600   11,054   12,794      1,157    9,28
       662    9,831   11,113      1,130   10,06
       800    8,113    9,199      1,134   11,19
      1000    6,700    7,265      1,084   12,74
      1200    5,909    5,291      0,895   15,10
      1500    4,997    4,439      0,888   16,60
      2000    3,833    3,067      0,800   20,17
      2614    2,983    3,085      1,034   20,17
      3000    2,513    1,289      0,513   31,46

=== HPGe 20%: HPGe, D 4,57 см, H 3,57 см, окно 0,25 г/см2 (Z 13), расстояние 100,0 см, Ω/4π 1,305E-004
   энергия   GADRAS      наш   наш/GADRAS  стат.,%
        30   44,391   74,034      1,668    2,63
        40   68,026   85,003      1,250    2,60
        50   79,600   87,093      1,094    2,67
        60   85,448   93,508      1,094    2,50
        80   90,171   92,812      1,029    2,58
       100   90,838   92,451      1,018    2,61
       150   83,449   79,124      0,948    3,12
       200   69,097   68,399      0,990    3,60
       300   45,856   46,939      1,024    4,85
       400   33,406   34,431      1,031    5,99
       500   26,686   26,903      1,008    6,99
       600   22,624   22,190      0,981    7,84
       662   20,855   20,623      0,989    8,18
       800   17,751   16,841      0,949    9,18
      1000   14,849   13,687      0,922   10,31
      1200   13,017   12,271      0,943   10,95
      1500   10,855    8,140      0,750   13,64
      2000    8,227    6,075      0,738   15,91
      2614    6,239    4,482      0,718   18,63
      3000    5,529    4,485      0,811   18,63
HPGe 40%: пропущен — в Detector.dat нет размера кристалла (длина 0, ширина 5,85 см)

=== LaBr 10%: LaBr3, D 3,50 см, H 3,20 см, окно 1,75 г/см2 (Z 10,3), расстояние 51,0 см, Ω/4π 2,941E-004
   энергия   GADRAS      наш   наш/GADRAS  стат.,%
        30   39,220   39,971      1,019    3,84
        40   52,131   49,758      0,954    4,36
        50   61,527   64,997      1,056    3,91
        60   66,829   66,053      0,988    4,04
        80   72,247   68,701      0,951    4,07
       100   74,806   71,646      0,958    4,01
       150   76,308   76,863      1,007    3,89
       200   72,519   66,613      0,919    4,43
       300   55,474   46,001      0,829    5,84
       400   41,262   39,453      0,956    6,51
       500   32,151   31,011      0,965    7,59
       600   26,234   23,947      0,913    8,86
       662   23,570   21,746      0,923    9,38
       800   19,247   20,044      1,041    9,88
      1000   15,246   15,712      1,031   11,35
      1200   12,700   11,457      0,902   13,50
      1500   10,146    8,018      0,790   16,36
      2000    7,502    6,765      0,902   17,98
      2614    5,502    4,328      0,787   22,72
      3000    4,932    5,492      1,114   20,17

=== LaBr 5%: LaBr3, D 2,55 см, H 2,90 см, окно 0,40 г/см2 (Z 13), расстояние 101,0 см, Ω/4π 3,984E-005
   энергия   GADRAS      наш   наш/GADRAS  стат.,%
        30   59,523   64,730      1,087    3,95
        40   68,495   69,651      1,017    4,40
        50   76,814   84,678      1,102    3,99
        60   81,444   89,377      1,097    3,91
        80   85,984   86,526      1,006    4,10
       100   87,811   92,299      1,051    3,92
       150   87,183   90,641      1,040    4,01
       200   80,142   79,930      0,997    4,45
       300   57,094   51,238      0,897    6,06
       400   40,213   45,688      1,136    6,53
       500   30,139   32,808      1,089    7,97
       600   23,858   26,118      1,095    9,09
       662   21,107   19,615      0,929   10,65
       800   16,763   19,177      1,144   10,80
      1000   12,886   12,414      0,963   13,64
      1200   10,505   10,977      1,045   14,57
      1500    8,183    8,314      1,016   16,86
      2000    5,810    7,356      1,266   17,98
      2614    4,012    2,703      0,674   29,98
      3000    3,508    2,460      0,701   31,46

=== NaI 10%: NaI, D 3,05 см, H 5,10 см, окно 1,10 г/см2 (Z 13,6), расстояние 52,0 см, Ω/4π 2,149E-004
   энергия   GADRAS      наш   наш/GADRAS  стат.,%
        30   23,403   20,096      0,859    6,34
        40   40,362   39,639      0,982    6,66
        50   55,453   51,764      0,933    6,64
        60   64,822   60,170      0,928    6,49
        80   74,724   70,648      0,945    6,21
       100   79,256   71,708      0,905    6,29
       150   82,271   78,925      0,959    6,04
       200   79,659   76,443      0,960    6,23
       300   64,123   50,538      0,788    8,07
       400   48,215   49,244      1,021    8,25
       500   37,256   35,718      0,959    9,93
       600   29,987   23,461      0,782   12,52
       662   26,710   21,981      0,823   12,98
       800   21,437   22,924      1,069   12,74
      1000   16,656   17,527      1,052   14,74
      1200   13,656   14,828      1,086   16,13
      1500   10,767   11,298      1,049   18,63
      2000    7,893    4,066      0,515   31,46
      2614    5,747    4,091      0,712   31,46
      3000    5,095    3,282      0,644   35,21

=== NaI 12%: NaI, D 3,20 см, H 5,50 см, окно 1,50 г/см2 (Z 10), расстояние 100,0 см, Ω/4π 6,399E-005
   энергия   GADRAS      наш   наш/GADRAS  стат.,%
        30   44,280   42,683      0,964    6,59
        40   49,936   52,334      1,048    7,09
        50   59,152   56,352      0,953    7,25
        60   64,918   57,342      0,883    7,38
        80   71,464   71,429      1,000    6,64
       100   74,806   68,945      0,922    6,87
       150   77,423   71,663      0,926    6,82
       200   75,463   73,744      0,977    6,77
       300   62,240   55,695      0,895    8,11
       400   47,816   54,042      1,130    8,33
       500   37,525   38,208      1,018   10,18
       600   30,552   29,374      0,961   11,80
       662   27,366   21,593      0,789   13,93
       800   22,191   18,237      0,822   15,29
      1000   17,440   13,936      0,799   17,68
      1200   14,413   16,318      1,132   16,36
      1500   11,485    7,777      0,677   24,05
      2000    8,555    5,086      0,595   29,98
      2614    6,358    6,063      0,954   27,55
      3000    5,676    4,682      0,825   31,46

=== NaI 1x1: NaI, D 1,70 см, H 2,54 см, окно 0,30 г/см2 (Z 13), расстояние 28,5 см, Ω/4π 2,222E-004
   энергия   GADRAS      наш   наш/GADRAS  стат.,%
        30   73,108   68,480      0,937    5,07
        40   69,499   70,299      1,012    5,54
        50   77,432   80,498      1,040    5,24
        60   82,523   83,624      1,013    5,19
        80   88,178   87,401      0,991    5,10
       100   90,549   89,947      0,993    5,02
       150   89,088   79,148      0,888    5,51
       200   77,729   74,329      0,956    5,75
       300   47,865   37,667      0,787    8,69
       400   30,018   33,267      1,108    9,33
       500   20,540   19,426      0,946   12,52
       600   15,149   15,570      1,028   14,08
       662   12,927   12,988      1,005   15,49
       800    9,605   10,084      1,050   17,68
      1000    6,855    6,845      0,999   21,59
      1200    5,284    5,550      1,050   24,05
      1500    3,849    4,579      1,190   26,54
      2000    2,451    1,639      0,668   44,61
      2614    1,393    2,626      1,885   35,21
      3000    1,114    0,986      0,885   57,65

=== NaI 25%: NaI, D 4,45 см, H 5,00 см, окно 0,70 г/см2 (Z 13), расстояние 100,5 см, Ω/4π 1,225E-004
   энергия   GADRAS      наш   наш/GADRAS  стат.,%
        30   45,246   46,950      1,038    3,89
        40   54,247   57,335      1,057    4,43
        50   65,592   67,273      1,026    4,31
        60   72,516   75,280      1,038    4,12
        80   80,021   82,235      1,028    3,97
       100   83,614   84,092      1,006    3,95
       150   86,235   89,116      1,033    3,82
       200   84,271   85,053      1,009    4,01
       300   70,224   64,516      0,919    4,97
       400   54,566   52,816      0,968    5,72
       500   43,109   39,721      0,921    6,87
       600   35,127   34,424      0,980    7,50
       662   31,447   28,335      0,901    8,41
       800   25,678   29,374      1,144    8,25
      1000   20,393   20,753      1,018   10,06
      1200   17,074   15,507      0,908   11,80
      1500   13,766   14,643      1,064   12,20
      2000   10,367   11,677      1,126   13,78
      2614    7,900    7,267      0,920   17,68
      3000    7,142    5,166      0,723   21,08

=== NaI 2x2: NaI, D 4,50 см, H 5,08 см, окно 0,30 г/см2 (Z 13), расстояние 10,0 см, Ω/4π 1,220E-002
   энергия   GADRAS      наш   наш/GADRAS  стат.,%
        30   73,118   70,037      0,958    2,56
        40   69,510   64,482      0,928    3,32
        50   77,466   74,953      0,968    3,02
        60   82,593   78,935      0,956    2,93
        80   88,376   84,180      0,953    2,79
       100   91,049   83,002      0,912    2,85
       150   91,779   80,006      0,872    3,00
       200   87,712   70,109      0,799    3,43
       300   70,679   57,589      0,815    4,07
       400   53,967   45,793      0,849    4,85
       500   42,198   34,197      0,810    5,92
       600   34,142   27,008      0,791    6,87
       662   30,461   25,799      0,847    7,06
       800   24,726   18,109      0,732    8,69
      1000   19,513   13,959      0,715   10,06
      1200   16,263   12,738      0,783   10,58
      1500   13,048   10,116      0,775   11,99
      2000    9,777    6,394      0,654   15,29
      2614    7,423    6,404      0,863   15,29
      3000    6,701    3,283      0,490   21,59

=== NaI 30%: NaI, D 6,66 см, H 2,54 см, окно 0,60 г/см2 (Z 15), расстояние 100,1 см, Ω/4π 2,764E-004
   энергия   GADRAS      наш   наш/GADRAS  стат.,%
        30   37,075   39,101      1,055    1,29
        40   50,451   50,635      1,004    2,22
        50   63,829   65,261      1,022    1,95
        60   71,975   74,391      1,034    1,75
        80   80,617   83,423      1,035    1,54
       100   84,599   86,475      1,022    1,48
       150   86,971   83,972      0,966    1,68
       200   80,260   81,359      1,014    1,83
       300   55,755   55,642      0,998    3,12
       400   38,539   37,009      0,960    4,46
       500   28,370   31,416      1,107    5,03
       600   22,015   23,067      1,048    6,19
       662   19,238   21,439      1,114    6,49
       800   15,135   15,690      1,037    7,84
      1000   11,592   11,816      1,019    9,23
      1200    9,474    9,596      1,013   10,38
      1500    7,463    6,912      0,926   12,41
      2000    5,410    4,778      0,883   15,10
      2614    3,985    3,310      0,831   18,30
      3000    3,438    3,657      1,064   17,39

=== NaI 3x3: NaI, D 6,35 см, H 7,60 см, окно 0,50 г/см2 (Z 13), расстояние 122,3 см, Ω/4π 1,684E-004
   энергия   GADRAS      наш   наш/GADRAS  стат.,%
        30   69,886   55,367      0,792    4,03
        40   67,184   63,481      0,945    4,44
        50   75,197   74,557      0,991    4,20
        60   80,363   80,068      0,996    4,09
        80   86,283   85,912      0,996    3,96
       100   89,241   84,066      0,942    4,07
       150   91,630   93,975      1,026    3,75
       200   90,554   87,063      0,961    4,02
       300   81,306   76,051      0,935    4,50
       400   68,287   65,605      0,961    5,02
       500   56,489   55,431      0,981    5,64
       600   47,015   45,600      0,970    6,40
       662   42,278   44,745      1,058    6,49
       800   35,644   33,661      0,944    7,71
      1000   29,672   30,493      1,028    8,18
      1200   26,042   28,928      1,111    8,44
      1500   22,025   17,928      0,814   11,03
      2000   17,289   14,438      0,835   12,41
      2614   13,868   14,240      1,027   12,52
      3000   12,919   12,832      0,993   13,24

=== NaI 5%: NaI, D 2,60 см, H 3,00 см, окно 2,00 г/см2 (Z 13), расстояние 100,0 см, Ω/4π 4,224E-005
   энергия   GADRAS      наш   наш/GADRAS  стат.,%
        30   11,956   12,294      1,028    5,51
        40   28,005   29,247      1,044    6,15
        50   42,806   45,194      1,056    5,85
        60   52,468   55,096      1,050    5,69
        80   62,946   61,076      0,970    5,77
       100   67,870   61,371      0,904    5,94
       150   71,341   69,253      0,971    5,67
       200   67,032   64,469      0,962    6,04
       300   47,411   47,075      0,993    7,47
       400   32,473   30,696      0,945    9,65
       500   23,688   24,116      1,018   11,11
       600   18,327   17,908      0,977   13,11
       662   16,025   16,062      1,002   13,93
       800   12,457   12,277      0,986   16,13
      1000    9,353    9,755      1,043   18,30
      1200    7,492    6,460      0,862   22,72
      1500    5,724    7,226      1,262   21,59
      2000    3,971    1,744      0,439   44,61
      2614    2,654    3,173      1,195   33,18
      3000    2,262    1,063      0,470   57,65

записано C:\Users\moroz\source\repos\BQ Eng res .NET 4.8\handover\f72-a263\runs\gad.csv
