True coincidence factor calculation results.

Decay branch(es):
 Eu-152   EC  Sm-152 (13.5077 y) - 72.08%
Eu-152   B-  Gd-152 (13.5077 y) - 27.92%

Date: 15/09/2026
Time: 18:21:18

Calculation settings:
cp.xrays = true
cp.annihilation = true
cp.angular = true
cp.angle_optimize = false
cp.calc_full_eff = false
cp.calc_spectrum = false
cp.calc_coincidence = true
cp.calc_scattered = true
cp.calc_effc = false
cp.calc_electron_ttb = true
cp.threads_number = 1

DetectorType = SCINTILLATOR
DS_CrystalDiameter = 6.3 cm
DS_CrystalHeight = 6.3 cm
DS_CrystalFrontReflectorThickness = 0.13 cm
DS_CrystalSideReflectorThickness = 0.1 cm
DS_CrystalFrontCladdingThickness = 0.18 cm
DS_CrystalSideCladdingThickness = 0.2 cm
DS_DetectorFrontPackagingThickness = 0 cm
DS_DetectorSidePackagingThickness = 0 cm
DS_DetectorFrontCapThickness = 0 cm
DS_DetectorSideCapThickness = 0 cm
DS_DetectorMountingThickness = 0.2 cm

DS_nCrystalElements = 2
DS_ZCrystal[0] = 11
DS_ZCrystal[1] = 53
DS_FractionTypeCrystal = MASS
DS_FractionsCrystal[0] = 0.153373
DS_FractionsCrystal[1] = 0.846627
DS_RoCrystal = 3.667
DS_nCrystalCladdingElements = 1
DS_ZCrystalCladding[0] = 13
DS_FractionTypeCrystalCladding = MASS
DS_FractionsCrystalCladding[0] = 1
DS_RoCrystalCladding = 2.7
DS_nCrystalReflectorElements = 2
DS_ZCrystalReflector[0] = 6
DS_ZCrystalReflector[1] = 9
DS_FractionTypeReflector = MASS
DS_FractionsCrystalReflector[0] = 0.240183
DS_FractionsCrystalReflector[1] = 0.759817
DS_RoCrystalReflector = 2.25
DS_nDetectorCapElements = 1
DS_ZDetectorCap[0] = 13
DS_FractionTypeDetectorCap = MASS
DS_FractionsDetectorCap[0] = 1
DS_RoDetectorCap = 2.7
DS_nDetectorPackagingElements = 1
DS_ZDetectorPackaging[0] = 13
DS_FractionTypeDetectorPackaging = MASS
DS_FractionsDetectorPackaging[0] = 1
DS_RoDetectorPackaging = 2.7

SourceType = POINT
pdistance = 5 cm
prho = 0 cm


Number of simulated decays: 20000000

Results:
-----------------------------------------------------------------------------------
##	E, MeV	I	dI(%)	CF	dCF(%)	Eff	dEff(%)	Areas	AreasCoi
-----------------------------------------------------------------------------------
1	0.039097	5.4244e-05	3.0000	2.25581	43.82	4.471e-02	20.80	48.50	21.50
2	0.039522	2.1376e-01	3.0000	1.08631	0.36	3.799e-02	0.25	162400.00	149497.50
3	0.040118	3.8734e-01	3.0000	1.08386	0.27	3.824e-02	0.18	296248.00	273328.00
4	0.041864	7.5780e-07	3.0000	0.00000	0.00	0.000e+00	0.00	0.00	2.00
5	0.042309	2.4737e-03	3.0000	1.02576	3.21	3.984e-02	2.26	1971.00	1921.50
6	0.042996	4.4582e-03	3.0000	1.04385	2.36	4.138e-02	1.65	3689.50	3534.50
7	0.045294	3.7850e-02	3.0000	1.08991	0.81	4.230e-02	0.56	32021.50	29380.00
8	0.045414	7.3290e-02	3.0000	1.08902	0.58	4.262e-02	0.40	62468.50	57362.00
9	0.045741	1.0849e-03	3.0000	1.05941	4.79	4.150e-02	3.34	900.50	850.00
10	0.046578	2.4189e-02	3.0000	1.09059	1.00	4.364e-02	0.69	21111.00	19357.50
11	0.046705	9.1612e-03	3.0000	1.09760	1.63	4.287e-02	1.13	7855.50	7157.00
12	0.048551	4.4213e-04	3.0000	1.03841	7.24	4.433e-02	5.07	392.00	377.50
13	0.048695	8.5564e-04	3.0000	0.94709	5.22	4.184e-02	3.74	716.00	756.00
14	0.049038	1.3476e-05	3.0000	0.68571	41.66	4.452e-02	32.27	12.00	17.50
15	0.049959	2.8614e-04	3.0000	1.06379	9.02	4.517e-02	6.28	258.50	243.00
16	0.050099	1.1076e-04	3.0000	0.96610	15.23	3.860e-02	10.86	85.50	88.50
17	0.118970	5.3181e-06	20.0036	5.00000	526.12	2.350e-02	163.71	2.50	0.00
18	0.121782	2.8531e-01	0.5320	1.08691	0.26	5.523e-02	0.18	315145.00	289945.00
19	0.125680	5.1319e-05	3.6467	1.02247	21.44	4.433e-02	14.95	45.50	44.50
20	0.137560	7.4453e-06	17.8612	1.70588	49.20	9.738e-02	26.93	14.50	8.50
21	0.148000	2.0475e-04	5.2086	1.11719	9.94	5.238e-02	6.84	214.50	192.00
22	0.150130	9.0407e-06	8.8317	1.05556	54.48	5.254e-02	36.08	9.50	9.00
23	0.172100	4.2546e-06	50.0000	0.83333	119.44	2.938e-02	87.18	2.50	3.00
24	0.174800	1.3827e-05	13.4615	1.39130	43.54	5.786e-02	27.24	16.00	11.50
25	0.192600	6.8073e-05	3.1250	1.12879	17.30	5.472e-02	11.87	74.50	66.00
26	0.195220	2.0475e-05	9.0909	0.95122	34.53	4.762e-02	25.51	19.50	20.50
27	0.207030	1.1434e-05	20.9337	0.56410	40.55	4.810e-02	32.14	11.00	19.50
28	0.207640	7.3389e-05	3.6430	1.31818	18.00	4.939e-02	11.93	72.50	55.00
29	0.209300	1.7018e-06	6.2500	2.00000	220.79	5.876e-02	93.54	2.00	1.00
30	0.209410	1.1966e-05	33.3333	0.66667	52.54	3.343e-02	41.46	8.00	12.00
31	0.209970	4.3076e-05	16.0539	1.44828	25.04	4.875e-02	15.70	42.00	29.00
32	0.210950	3.8024e-05	4.2129	1.05660	27.65	3.682e-02	19.40	28.00	26.50
33	0.212430	2.0740e-04	2.5920	1.16409	10.84	4.532e-02	7.32	188.00	161.50
34	0.237100	6.3285e-05	2.9656	1.23656	19.98	4.543e-02	13.44	57.50	46.50
35	0.239330	5.3181e-05	0.3795	1.38889	22.26	4.701e-02	14.35	50.00	36.00
36	0.241000	3.7226e-06	0.3795	1.10000	68.31	7.387e-02	45.45	5.50	5.00
37	0.244697	7.5490e-02	0.5178	1.13256	0.58	4.244e-02	0.40	64077.00	56577.00
38	0.251633	6.7008e-04	2.8036	1.17904	6.37	4.029e-02	4.32	540.00	458.00
39	0.269840	7.8441e-05	6.4518	0.93243	16.91	4.398e-02	12.17	69.00	74.00
40	0.271080	7.1530e-04	2.6022	1.14954	6.18	3.949e-02	4.21	565.00	491.50
41	0.272410	6.3817e-06	25.0029	0.22222	206.38	7.835e-03	200.00	1.00	4.50
42	0.275420	3.4567e-04	2.3387	1.15723	8.88	3.992e-02	6.07	276.00	238.50
43	0.285980	9.8384e-05	16.2207	1.06015	17.28	3.583e-02	12.10	70.50	66.50
44	0.286500	1.3827e-05	21.1573	1.08333	64.45	2.350e-02	45.51	6.50	6.00
45	0.287100	8.1103e-06	8.5246	0.83333	69.76	3.083e-02	56.57	5.00	6.00
46	0.295939	4.4034e-03	0.9821	1.12572	2.57	3.645e-02	1.77	3210.00	2851.50
47	0.315100	3.9887e-04	2.6667	1.05054	8.42	3.648e-02	5.89	291.00	277.00
48	0.316130	1.0051e-04	5.0408	1.13846	17.44	3.681e-02	11.97	74.00	65.00
49	0.320100	2.0475e-05	5.2086	0.80952	47.97	2.076e-02	35.78	8.50	10.50
50	0.324830	6.8073e-04	2.7344	1.00213	6.53	3.456e-02	4.61	470.50	469.50
51	0.324914	4.9725e-05	4.8128	0.90141	25.03	3.218e-02	18.09	32.00	35.50
52	0.328764	3.4568e-05	6.1538	1.30556	32.68	3.399e-02	21.59	23.50	18.00
53	0.329410	1.2125e-03	2.0098	1.10635	5.05	3.410e-02	3.48	827.00	747.50
54	0.330580	9.3066e-05	11.4349	0.96610	18.93	3.062e-02	13.59	57.00	59.00
55	0.340460	2.6590e-04	3.0239	1.08840	10.34	3.704e-02	7.15	197.00	181.00
56	0.344278	2.6591e-01	0.6000	1.02338	0.34	3.259e-02	0.24	173339.00	169379.00
57	0.345540	9.8118e-05	4.8928	1.24793	17.47	3.847e-02	11.57	75.50	60.50
58	0.348752	1.7018e-05	9.3827	1.60000	63.91	2.350e-02	38.53	8.00	5.00
59	0.351660	1.0636e-04	7.5000	1.05512	17.77	3.150e-02	12.35	67.00	63.50
60	0.354160	9.5728e-06	11.1111	0.92308	61.64	3.134e-02	45.64	6.00	6.50
61	0.357260	6.0892e-05	6.9972	1.24242	23.58	3.367e-02	15.90	41.00	33.00
62	0.358480	1.6486e-05	8.0734	0.87500	54.63	2.123e-02	41.65	7.00	8.00
63	0.367789	8.5942e-03	0.4641	1.07829	1.99	3.061e-02	1.38	5261.00	4879.00
64	0.378150	2.3665e-06	23.5986	0.25000	242.38	1.056e-02	223.61	0.50	2.00
65	0.385610	5.5574e-05	4.3229	1.10909	26.64	2.744e-02	18.33	30.50	27.50
66	0.387900	2.9250e-05	9.0909	0.95238	46.44	1.709e-02	31.62	10.00	10.50
67	0.391190	1.4093e-05	3.0426	0.88889	83.47	1.419e-02	66.14	4.00	4.50
68	0.397750	3.7226e-06	15.7189	1.00000	96.89	4.701e-02	68.51	3.50	3.50
69	0.401290	6.3817e-06	6.6775	3.00000	244.95	1.175e-02	100.00	1.50	0.50
70	0.411116	2.2371e-02	0.3090	1.09652	1.30	2.790e-02	0.89	12485.00	11386.00
71	0.416020	1.0875e-03	1.7531	1.15251	6.01	2.745e-02	4.10	597.00	518.00
72	0.423450	2.9781e-05	7.1529	2.07143	52.59	2.434e-02	26.93	14.50	7.00
73	0.440860	6.2489e-05	6.8085	1.12766	28.76	2.120e-02	19.70	26.50	23.50
74	0.443961	2.8266e-02	0.4729	1.07911	1.20	2.541e-02	0.83	14363.00	13310.00
75	0.444010	2.9781e-03	3.5915	1.20668	3.77	2.607e-02	2.54	1553.00	1287.00
76	0.464280	4.5204e-06	41.1782	0.87500	77.26	3.871e-02	58.90	3.50	4.00
77	0.476420	1.7018e-05	18.7538	0.00000	0.00	0.000e+00	0.00	0.00	8.00
78	0.482330	2.4729e-04	3.2481	1.03902	13.94	2.153e-02	9.72	106.50	102.50
79	0.482400	2.3400e-05	4.5455	2.50000	53.37	2.671e-02	29.12	12.50	5.00
80	0.488679	4.1428e-03	0.7457	1.13280	3.33	2.322e-02	2.28	1923.50	1698.00
81	0.493540	3.0313e-04	4.4024	1.07117	11.76	2.482e-02	8.17	150.50	140.50
82	0.493780	9.7589e-05	4.3597	1.72414	23.85	2.562e-02	14.35	50.00	29.00
83	0.496400	5.8766e-05	4.0724	0.57627	33.04	1.446e-02	27.28	17.00	29.50
84	0.496560	5.8499e-05	36.3656	1.21154	26.64	2.692e-02	18.03	31.50	26.00
85	0.503467	1.5237e-03	1.2216	1.01710	5.69	2.049e-02	4.01	624.50	614.00
86	0.511000	5.1198e-04	3.0000	1.12804	9.16	2.495e-02	6.27	255.50	226.50
87	0.514780	4.2544e-06	18.7538	1.50000	125.83	3.526e-02	57.74	3.00	2.00
88	0.520240	5.3448e-04	2.9851	1.07193	9.51	2.161e-02	6.60	231.00	215.50
89	0.523130	1.5289e-04	4.1911	1.30081	17.09	2.616e-02	11.28	80.00	61.50
90	0.526880	1.1966e-04	6.6667	0.94737	21.39	1.880e-02	15.40	45.00	47.50
91	0.527100	1.8613e-06	0.3795	0.00000	0.00	0.000e+00	0.00	0.00	3.50
92	0.534250	4.0950e-04	2.5974	1.02727	11.00	2.070e-02	7.73	169.50	165.00
93	0.535440	1.7284e-05	7.7017	0.71429	63.47	1.446e-02	50.99	5.00	7.00
94	0.538290	4.3342e-05	6.7591	0.61194	28.48	2.365e-02	22.49	20.50	33.50
95	0.556480	1.7709e-04	3.4742	1.40517	17.34	2.301e-02	11.13	81.50	58.00
96	0.557800	2.9250e-05	11.8182	0.44000	54.86	9.402e-03	45.45	5.50	12.50
97	0.561260	1.4093e-05	16.9854	0.07692	227.41	1.774e-03	223.61	0.50	6.50
98	0.562980	2.0209e-04	9.2183	1.00500	14.26	2.487e-02	10.09	100.50	100.00
99	0.563100	3.0048e-06	7.0796	0.30000	112.25	2.496e-02	100.00	1.50	5.00
100	0.563986	4.9352e-03	0.9419	1.12910	3.27	2.025e-02	2.24	1998.50	1770.00
101	0.566438	1.3109e-03	2.4635	1.06282	6.28	2.001e-02	4.37	524.50	493.50
102	0.571830	4.4406e-05	3.6128	1.30000	36.50	2.196e-02	23.08	19.50	15.00
103	0.586265	4.5471e-03	0.7602	1.04637	3.46	1.886e-02	2.42	1715.00	1639.00
104	0.588600	2.3931e-05	44.4461	1.26316	44.37	2.507e-02	28.87	12.00	9.50
105	0.589830	1.3029e-05	6.1342	2.25000	106.50	1.727e-02	50.92	4.50	2.00
106	0.608060	2.6590e-06	30.0024	0.00000	0.00	0.000e+00	0.00	0.00	1.00
107	0.609230	1.2232e-05	13.0490	0.56522	53.56	2.657e-02	41.42	6.50	11.50
108	0.616050	9.1737e-05	5.8095	1.02941	24.60	1.908e-02	17.26	35.00	34.00
109	0.644390	6.5944e-05	7.2680	0.89655	27.01	1.971e-02	19.61	26.00	29.00
110	0.656489	1.4412e-03	1.5240	1.20422	6.38	1.882e-02	4.30	542.50	450.50
111	0.664770	9.9182e-05	5.1080	1.19565	28.93	1.386e-02	19.33	27.50	23.00
112	0.671155	2.4463e-04	17.3954	1.09655	16.39	1.625e-02	11.37	79.50	72.50
113	0.674640	1.6911e-03	1.9246	1.24587	6.11	1.783e-02	4.07	603.00	484.00
114	0.675000	2.1273e-04	3.7500	0.90968	16.54	1.657e-02	11.97	70.50	77.50
115	0.678623	4.7252e-03	0.6753	1.12293	3.69	1.653e-02	2.53	1562.00	1391.00
116	0.683250	4.7331e-05	5.6308	1.81818	39.63	2.113e-02	23.18	20.00	11.00
117	0.686600	2.0262e-04	3.3027	1.36090	16.39	2.233e-02	10.64	90.50	66.50
118	0.688670	8.5647e-03	0.7014	1.06082	2.74	1.604e-02	1.91	2747.00	2589.50
119	0.703010	3.8557e-05	7.5862	1.10000	46.72	1.426e-02	32.14	11.00	10.00
120	0.703550	2.6591e-05	10.0000	2.80000	52.10	2.632e-02	26.73	14.00	5.00
121	0.707160	1.4226e-05	3.9435	1.25000	101.00	8.787e-03	72.11	2.50	2.00
122	0.712830	9.5462e-04	2.5070	1.05660	8.18	1.613e-02	5.70	308.00	291.50
123	0.719346	2.4995e-03	3.2140	1.20174	5.16	1.656e-02	3.48	828.00	689.00
124	0.719360	9.4927e-04	3.3827	1.13163	8.31	1.630e-02	5.69	309.50	273.50
125	0.728040	1.1115e-04	3.3707	0.56522	22.16	1.462e-02	17.74	32.50	57.50
126	0.734140	9.0407e-06	14.7108	0.00000	0.00	0.000e+00	0.00	0.00	28.00
127	0.735430	4.4140e-05	4.2339	0.65854	35.88	1.529e-02	27.96	13.50	20.50
128	0.756160	4.4406e-05	9.5884	1.27273	43.26	1.576e-02	26.73	14.00	11.00
129	0.764880	1.8933e-03	2.2472	1.05346	6.00	1.509e-02	4.19	571.50	542.50
130	0.766380	6.9135e-06	11.5447	1.20000	104.56	2.170e-02	57.74	3.00	2.50
131	0.768960	8.1898e-04	5.2086	0.93800	9.10	1.432e-02	6.54	234.50	250.00
132	0.778904	1.2929e-01	0.4525	1.04375	0.74	1.457e-02	0.52	37667.50	36088.50
133	0.794780	2.6325e-04	6.0606	1.07092	16.65	1.434e-02	11.57	75.50	70.50
134	0.802000	4.1215e-06	11.6191	0.75000	136.93	1.820e-02	100.00	1.50	2.00
135	0.805710	1.5183e-04	3.8715	0.84375	21.44	1.334e-02	15.86	40.50	48.00
136	0.810451	3.1722e-03	0.9201	0.98152	4.69	1.423e-02	3.33	903.00	920.00
137	0.813210	4.3076e-05	9.8838	1.81818	59.68	1.161e-02	31.62	10.00	5.50
138	0.839360	1.7709e-04	2.8780	1.34884	20.12	1.638e-02	13.13	58.00	43.00
139	0.841574	1.6752e-03	1.7868	1.20267	7.00	1.346e-02	4.72	451.00	375.00
140	0.850100	7.7114e-06	10.3448	0.16949	48.45	3.242e-02	44.72	5.00	29.50
141	0.855210	1.9677e-05	6.7674	0.33333	112.22	3.812e-03	100.00	1.50	4.50
142	0.867380	4.2279e-02	0.6815	1.16137	1.40	1.303e-02	0.95	11015.00	9484.50
143	0.901190	8.5355e-04	2.8293	1.14770	9.53	1.388e-02	6.50	237.00	206.50
144	0.906060	9.1737e-05	4.3644	1.17647	32.99	1.090e-02	22.36	20.00	17.00
145	0.919337	4.1853e-03	1.0851	1.15401	4.41	1.325e-02	3.00	1109.00	961.00
146	0.919740	6.4880e-05	5.7502	0.71875	39.39	8.862e-03	30.43	11.50	16.00
147	0.926310	2.7228e-03	1.2318	1.09846	5.72	1.178e-02	3.95	641.50	584.00
148	0.930590	7.2859e-04	2.5547	0.75934	9.81	1.256e-02	7.39	183.00	241.00
149	0.937050	2.6591e-05	30.0000	0.75000	54.01	1.128e-02	40.82	6.00	8.00
150	0.947150	1.0902e-05	17.0774	0.16667	234.52	2.293e-03	223.61	0.50	3.00
151	0.958630	1.9677e-04	5.4187	1.10417	20.09	1.347e-02	13.74	53.00	48.00
152	0.961080	7.9771e-05	26.6694	2.11111	40.47	1.191e-02	22.94	19.00	9.00
153	0.963367	1.4040e-03	4.3726	1.08136	8.08	1.136e-02	5.60	319.00	295.00
154	0.964057	1.4510e-01	0.4481	1.10424	0.78	1.188e-02	0.54	34465.50	31212.00
155	0.968650	7.9239e-05	2.7113	0.90323	37.29	8.834e-03	26.73	14.00	15.50
156	0.970220	1.1966e-05	26.6667	0.00000	0.00	0.000e+00	0.00	0.00	3.00
157	0.974090	1.3561e-04	5.8824	1.28125	23.59	1.512e-02	15.62	41.00	32.00
158	0.990180	3.1377e-04	4.2373	0.96575	16.74	1.123e-02	11.97	70.50	73.00
159	1.005270	6.5944e-03	1.6569	1.24301	3.91	1.113e-02	2.61	1468.00	1181.00
160	1.050100	7.1794e-06	40.7425	0.50000	70.71	2.089e-02	57.74	3.00	6.00
161	1.084380	1.0636e-04	7.5096	1.02778	34.12	8.697e-03	23.72	18.50	18.00
162	1.085837	1.0115e-01	0.4617	1.07928	1.00	1.037e-02	0.69	20972.00	19431.50
163	1.089737	1.7337e-02	0.4601	0.99858	2.39	1.011e-02	1.69	3505.00	3510.00
164	1.109180	1.8853e-03	3.3850	0.98703	7.23	1.009e-02	5.13	380.50	385.50
165	1.112076	1.3667e-01	0.5867	1.08512	0.88	9.963e-03	0.61	27235.00	25098.50
166	1.170970	3.7226e-04	4.3025	0.86813	15.38	1.061e-02	11.25	79.00	91.00
167	1.206090	1.3030e-04	10.2041	0.56522	34.70	4.989e-03	27.74	13.00	23.00
168	1.212948	1.4146e-02	0.5476	1.13435	2.87	9.162e-03	1.96	2592.00	2285.00
169	1.246340	9.3066e-06	14.2908	0.00000	0.00	0.000e+00	0.00	0.00	2.00
170	1.249940	1.8693e-03	1.3353	0.84987	7.44	8.934e-03	5.47	334.00	393.00
171	1.261350	3.3505e-04	3.9683	1.07826	18.37	9.252e-03	12.70	62.00	57.50
172	1.292780	1.0051e-03	2.6726	0.95808	11.06	7.959e-03	7.91	160.00	167.00
173	1.299142	1.6327e-02	0.4886	1.12749	2.72	8.829e-03	1.86	2883.00	2557.00
174	1.314600	1.9146e-05	27.7778	0.40000	83.67	5.223e-03	70.71	2.00	5.00
175	1.315580	3.6429e-05	4.3960	2.25000	60.09	1.235e-02	33.33	9.00	4.00
176	1.318380	1.5689e-05	8.4746	0.50000	70.71	9.561e-03	57.74	3.00	6.00
177	1.348100	1.7284e-04	4.6154	0.86486	24.14	9.257e-03	17.68	32.00	37.00
178	1.363780	2.5846e-04	2.2950	1.09091	20.87	9.286e-03	14.43	48.00	44.00
179	1.390500	4.2544e-05	3.7692	1.33333	54.01	9.402e-03	35.36	8.00	6.00
180	1.408013	2.0868e-01	0.4141	1.09785	0.79	8.029e-03	0.55	33509.00	30522.50
181	1.455100	2.4995e-05	19.1527	0.08696	73.72	4.001e-03	70.71	2.00	23.00
182	1.457643	4.9697e-03	0.8397	1.11596	5.49	7.455e-03	3.67	741.00	664.00
183	1.491400	5.8499e-06	45.4561	0.50000	122.47	8.547e-03	100.00	1.00	2.00
184	1.528100	2.7946e-03	1.2032	0.95545	7.12	6.906e-03	5.09	386.00	404.00
185	1.605620	7.8709e-05	4.7297	0.80000	38.73	7.623e-03	28.87	12.00	15.00
186	1.608360	5.3978e-05	3.9591	1.25000	47.43	9.263e-03	31.62	10.00	8.00
187	1.635380	1.6220e-06	26.2323	0.00000	0.00	0.000e+00	0.00	0.00	1.00
188	1.647440	7.2592e-05	4.7770	0.53846	46.88	4.821e-03	37.80	7.00	13.00
189	1.769090	9.3066e-05	2.3170	0.53333	43.78	4.298e-03	35.36	8.00	15.00
-----------------------------------------------------------------------------------

Coincidence sum peaks:
-----------------------------------------------------------------------------------
E, MeV	AreasCoi
0.07904	325
0.07964	1163
0.08024	1188
0.08482	132
0.08494	259
0.08526	4
0.08541	243
0.08553	459
0.08586	10
0.08610	91
0.08623	28
0.08670	161
0.08682	51
0.09059	17
0.09071	47
0.09083	49
0.09187	22
0.09199	33
0.09200	10
0.09212	11
0.09316	8
0.09328	6
0.16130	2589
0.16190	4780
0.16708	526
0.16720	953
0.16752	14
0.16836	327
0.16849	121
0.18752	5
0.19458	2
0.20142	2
0.24746	2
0.24776	3
0.25009	2
0.25255	3
0.27722	2
0.28422	687
0.28462	2
0.28482	1244
0.28999	123
0.29011	258
0.29044	7
0.29116	12
0.29128	82
0.29140	38
0.29175	14
0.32374	3
0.33421	5
0.33546	36
0.33606	54
0.34123	9
0.34135	12
0.34252	7
0.34264	2
0.36648	1608
0.36893	9
0.36953	13
0.37070	2
0.37341	12
0.37612	2
0.37998	3
0.38058	4
0.38659	4
0.38727	11
0.39283	2
0.39297	3
0.39720	7
0.40600	14
0.40660	24
0.40776	3
0.41177	2
0.41189	9
0.41772	59
0.42573	2
0.45119	6
0.45236	2
0.45343	4
0.45411	9
0.45554	2
0.45614	18
0.45713	2
0.46131	2
0.46143	4
0.46732	3
0.48348	172
0.48353	16
0.48408	251
0.48413	25
0.48925	21
0.48930	2
0.48938	60
0.48942	6
0.49054	28
0.49067	5
0.49072	2
0.51908	2
0.52820	17
0.52880	36
0.53306	2
0.53366	3
0.54064	35
0.56574	171
0.56579	40
0.58075	2
0.58516	5
0.60310	3
0.60351	18
0.60410	34
0.60411	5
0.60526	2
0.60586	5
0.60591	2
0.60596	8
0.60656	7
0.61046	48
0.61185	2
0.61532	3
0.61536	31
0.62857	2
0.63278	3
0.65938	6
0.66072	9
0.66242	3
0.66911	4
0.66919	2
0.68476	3
0.68577	25
0.69601	10
0.69661	16
0.71127	3
0.71207	160
0.71416	2
0.71476	19
0.71657	2
0.72162	2
0.72529	2
0.72732	2
0.72879	64
0.73338	21
0.75540	434
0.75887	10
0.75946	16
0.75948	5
0.77827	17
0.78514	2
0.78655	2
0.79642	14
0.80788	2
0.80838	2
0.80908	6
0.82121	15
0.82190	31
0.82760	4
0.84775	21
0.85587	2
0.86452	3
0.87116	3
0.87853	2
0.88110	5
0.88169	10
0.88803	2
0.88815	2
0.89074	3
0.90690	121
0.90750	227
0.91267	26
0.91279	39
0.91396	17
0.91409	10
0.94071	5
0.94131	3
0.95945	24
0.96475	4
0.96583	7
0.96643	15
0.97160	2
0.97172	3
0.97289	3
0.98916	261
1.00289	2
1.00348	5
1.00358	383
1.00418	724
1.00935	85
1.00947	154
1.00980	3
1.01063	42
1.01076	26
1.01366	3
1.01928	2
1.02290	45
1.02297	9
1.02868	4
1.02928	6
1.03458	4
1.04112	15
1.04370	5
1.04429	5
1.04479	20
1.04539	34
1.04809	14
1.04887	2
1.05068	7
1.05185	2
1.05711	12
1.12318	1111
1.12536	186
1.12596	363
1.12705	29
1.13113	34
1.13125	67
1.13241	25
1.13254	11
1.13273	2
1.13906	2
1.15160	294
1.15219	562
1.15737	54
1.15749	125
1.15782	2
1.15865	39
1.15878	12
1.16331	3
1.16332	18
1.16337	4
1.19172	3
1.19231	2
1.21113	2
1.21638	2
1.23386	658
1.25247	33
1.25307	47
1.25824	8
1.25836	18
1.25965	2
1.27338	4
1.27398	8
1.27915	3
1.28056	2
1.28340	4
1.28946	2
1.29006	5
1.29009	3
1.29535	3
1.33290	2
1.33473	54
1.34214	2
1.37172	7
1.37175	2
1.37425	2
1.40390	2
1.43401	5
1.43402	82
1.44754	343
1.44813	657
1.45331	79
1.45343	140
1.45375	2
1.45459	43
1.48765	3
1.48825	3
1.49717	10
1.49776	17
1.50306	2
1.50422	3
1.52980	1066
1.55037	2
1.56762	3
1.56822	11
1.56932	7
1.56991	19
1.57351	2
1.57509	3
1.57521	3
1.57942	22
1.64342	86
1.64982	10
1.64988	13
1.68935	2
1.75699	2
-----------------------------------------------------------------------------------
