        static readonly Material CeBr3 = new Material
        {
            Name = "CeBr3",
            Energy = Grid,
            Range = new double[]
            {
                1.602E-05, 2.403E-05, 3.223E-05, 4.075E-05, 4.968E-05, 6.883E-05,
                8.978E-05, 1.125E-04, 1.371E-04, 1.634E-04, 1.915E-04, 2.213E-04,
                2.527E-04, 3.206E-04, 3.949E-04, 4.755E-04, 5.622E-04, 8.045E-04,
                1.082E-03, 1.393E-03, 1.737E-03, 2.516E-03, 3.410E-03, 4.414E-03,
                5.522E-03, 6.727E-03, 8.026E-03, 9.414E-03, 1.089E-02, 1.408E-02,
                1.757E-02, 2.134E-02, 2.536E-02, 3.645E-02, 4.881E-02, 6.224E-02,
                7.660E-02, 1.076E-01, 1.409E-01, 1.761E-01, 2.127E-01, 2.503E-01,
                2.888E-01, 3.279E-01, 3.674E-01, 4.475E-01, 5.284E-01, 6.095E-01,
                6.907E-01, 8.923E-01, 1.091E+00, 1.286E+00, 1.477E+00, 1.849E+00,
                2.205E+00
            },
            Yield = new double[]
            {
                7.937E-05, 9.721E-05, 1.131E-04, 1.285E-04, 1.438E-04, 1.748E-04,
                2.064E-04, 2.385E-04, 2.712E-04, 3.041E-04, 3.374E-04, 3.708E-04,
                4.044E-04, 4.718E-04, 5.393E-04, 6.068E-04, 6.741E-04, 8.413E-04,
                1.007E-03, 1.170E-03, 1.331E-03, 1.646E-03, 1.953E-03, 2.251E-03,
                2.543E-03, 2.828E-03, 3.107E-03, 3.380E-03, 3.647E-03, 4.168E-03,
                4.670E-03, 5.156E-03, 5.627E-03, 6.747E-03, 7.795E-03, 8.783E-03,
                9.719E-03, 1.146E-02, 1.308E-02, 1.459E-02, 1.604E-02, 1.742E-02,
                1.877E-02, 2.008E-02, 2.136E-02, 2.387E-02, 2.630E-02, 2.869E-02,
                3.105E-02, 3.683E-02, 4.251E-02, 4.811E-02, 5.365E-02, 6.456E-02,
                7.525E-02
            }
        };

        static readonly Material SrI2 = new Material
        {
            Name = "SrI2",
            Energy = Grid,
            Range = new double[]
            {
                1.840E-05, 2.747E-05, 3.658E-05, 4.596E-05, 5.570E-05, 7.645E-05,
                9.900E-05, 1.234E-04, 1.496E-04, 1.776E-04, 2.075E-04, 2.391E-04,
                2.724E-04, 3.442E-04, 4.226E-04, 5.075E-04, 5.987E-04, 8.533E-04,
                1.144E-03, 1.470E-03, 1.829E-03, 2.643E-03, 3.576E-03, 4.622E-03,
                5.775E-03, 7.029E-03, 8.380E-03, 9.822E-03, 1.135E-02, 1.466E-02,
                1.828E-02, 2.219E-02, 2.636E-02, 3.784E-02, 5.062E-02, 6.450E-02,
                7.933E-02, 1.113E-01, 1.457E-01, 1.819E-01, 2.195E-01, 2.582E-01,
                2.977E-01, 3.378E-01, 3.783E-01, 4.604E-01, 5.431E-01, 6.260E-01,
                7.089E-01, 9.144E-01, 1.117E+00, 1.315E+00, 1.508E+00, 1.883E+00,
                2.242E+00
            },
            Yield = new double[]
            {
                9.109E-05, 1.112E-04, 1.288E-04, 1.457E-04, 1.626E-04, 1.969E-04,
                2.321E-04, 2.681E-04, 3.047E-04, 3.418E-04, 3.792E-04, 4.170E-04,
                4.549E-04, 5.312E-04, 6.079E-04, 6.846E-04, 7.612E-04, 9.521E-04,
                1.141E-03, 1.328E-03, 1.513E-03, 1.876E-03, 2.230E-03, 2.576E-03,
                2.914E-03, 3.246E-03, 3.570E-03, 3.888E-03, 4.200E-03, 4.809E-03,
                5.397E-03, 5.966E-03, 6.519E-03, 7.836E-03, 9.069E-03, 1.023E-02,
                1.133E-02, 1.338E-02, 1.527E-02, 1.704E-02, 1.872E-02, 2.034E-02,
                2.190E-02, 2.342E-02, 2.490E-02, 2.778E-02, 3.058E-02, 3.331E-02,
                3.600E-02, 4.256E-02, 4.897E-02, 5.527E-02, 6.148E-02, 7.364E-02,
                8.547E-02
            }
        };

        static readonly Material CdTe = new Material
        {
            Name = "CdTe",
            Energy = Grid,
            Range = new double[]
            {
                1.982E-05, 2.951E-05, 3.915E-05, 4.902E-05, 5.923E-05, 8.088E-05,
                1.043E-04, 1.296E-04, 1.568E-04, 1.858E-04, 2.166E-04, 2.493E-04,
                2.837E-04, 3.577E-04, 4.385E-04, 5.258E-04, 6.197E-04, 8.813E-04,
                1.180E-03, 1.515E-03, 1.883E-03, 2.717E-03, 3.673E-03, 4.744E-03,
                5.924E-03, 7.208E-03, 8.589E-03, 1.006E-02, 1.163E-02, 1.501E-02,
                1.871E-02, 2.270E-02, 2.697E-02, 3.869E-02, 5.173E-02, 6.589E-02,
                8.102E-02, 1.136E-01, 1.487E-01, 1.856E-01, 2.240E-01, 2.635E-01,
                3.038E-01, 3.447E-01, 3.862E-01, 4.700E-01, 5.545E-01, 6.392E-01,
                7.239E-01, 9.340E-01, 1.141E+00, 1.343E+00, 1.541E+00, 1.924E+00,
                2.291E+00
            },
            Yield = new double[]
            {
                9.759E-05, 1.188E-04, 1.371E-04, 1.546E-04, 1.720E-04, 2.074E-04,
                2.436E-04, 2.807E-04, 3.184E-04, 3.566E-04, 3.952E-04, 4.341E-04,
                4.732E-04, 5.519E-04, 6.309E-04, 7.100E-04, 7.891E-04, 9.858E-04,
                1.181E-03, 1.374E-03, 1.564E-03, 1.939E-03, 2.304E-03, 2.661E-03,
                3.010E-03, 3.351E-03, 3.686E-03, 4.014E-03, 4.336E-03, 4.964E-03,
                5.570E-03, 6.158E-03, 6.728E-03, 8.085E-03, 9.356E-03, 1.055E-02,
                1.169E-02, 1.379E-02, 1.574E-02, 1.756E-02, 1.930E-02, 2.096E-02,
                2.257E-02, 2.413E-02, 2.566E-02, 2.864E-02, 3.152E-02, 3.434E-02,
                3.712E-02, 4.389E-02, 5.051E-02, 5.701E-02, 6.341E-02, 7.593E-02,
                8.811E-02
            }
        };

        static readonly Material Czt = new Material
        {
            Name = "CZT",
            Energy = Grid,
            Range = new double[]
            {
                1.952E-05, 2.909E-05, 3.862E-05, 4.839E-05, 5.850E-05, 7.999E-05,
                1.033E-04, 1.284E-04, 1.554E-04, 1.842E-04, 2.148E-04, 2.473E-04,
                2.815E-04, 3.551E-04, 4.354E-04, 5.224E-04, 6.157E-04, 8.761E-04,
                1.174E-03, 1.506E-03, 1.873E-03, 2.704E-03, 3.656E-03, 4.723E-03,
                5.898E-03, 7.176E-03, 8.552E-03, 1.002E-02, 1.158E-02, 1.495E-02,
                1.864E-02, 2.262E-02, 2.686E-02, 3.854E-02, 5.154E-02, 6.566E-02,
                8.074E-02, 1.132E-01, 1.482E-01, 1.850E-01, 2.233E-01, 2.627E-01,
                3.029E-01, 3.437E-01, 3.851E-01, 4.687E-01, 5.530E-01, 6.376E-01,
                7.221E-01, 9.318E-01, 1.138E+00, 1.340E+00, 1.538E+00, 1.921E+00,
                2.287E+00
            },
            Yield = new double[]
            {
                9.610E-05, 1.171E-04, 1.352E-04, 1.525E-04, 1.698E-04, 2.048E-04,
                2.407E-04, 2.774E-04, 3.147E-04, 3.526E-04, 3.907E-04, 4.292E-04,
                4.679E-04, 5.458E-04, 6.239E-04, 7.021E-04, 7.802E-04, 9.747E-04,
                1.167E-03, 1.358E-03, 1.547E-03, 1.916E-03, 2.277E-03, 2.630E-03,
                2.975E-03, 3.312E-03, 3.642E-03, 3.967E-03, 4.285E-03, 4.904E-03,
                5.503E-03, 6.083E-03, 6.645E-03, 7.985E-03, 9.239E-03, 1.042E-02,
                1.154E-02, 1.362E-02, 1.554E-02, 1.734E-02, 1.905E-02, 2.070E-02,
                2.229E-02, 2.383E-02, 2.535E-02, 2.829E-02, 3.114E-02, 3.393E-02,
                3.668E-02, 4.338E-02, 4.993E-02, 5.637E-02, 6.271E-02, 7.513E-02,
                8.722E-02
            }
        };

        static readonly Material Gso = new Material
        {
            Name = "GSO",
            Energy = Grid,
            Range = new double[]
            {
                1.399E-05, 2.107E-05, 2.846E-05, 3.623E-05, 4.443E-05, 6.217E-05,
                8.172E-05, 1.031E-04, 1.262E-04, 1.511E-04, 1.776E-04, 2.059E-04,
                2.358E-04, 3.004E-04, 3.713E-04, 4.482E-04, 5.311E-04, 7.635E-04,
                1.030E-03, 1.330E-03, 1.661E-03, 2.412E-03, 3.277E-03, 4.248E-03,
                5.320E-03, 6.488E-03, 7.747E-03, 9.093E-03, 1.052E-02, 1.362E-02,
                1.701E-02, 2.067E-02, 2.458E-02, 3.537E-02, 4.740E-02, 6.050E-02,
                7.451E-02, 1.048E-01, 1.375E-01, 1.721E-01, 2.080E-01, 2.450E-01,
                2.829E-01, 3.214E-01, 3.604E-01, 4.395E-01, 5.194E-01, 5.997E-01,
                6.800E-01, 8.799E-01, 1.077E+00, 1.271E+00, 1.461E+00, 1.830E+00,
                2.184E+00
            },
            Yield = new double[]
            {
                6.035E-05, 7.435E-05, 8.749E-05, 1.006E-04, 1.141E-04, 1.419E-04,
                1.709E-04, 2.008E-04, 2.315E-04, 2.627E-04, 2.945E-04, 3.266E-04,
                3.590E-04, 4.244E-04, 4.905E-04, 5.569E-04, 6.235E-04, 7.904E-04,
                9.569E-04, 1.123E-03, 1.287E-03, 1.613E-03, 1.934E-03, 2.250E-03,
                2.560E-03, 2.867E-03, 3.168E-03, 3.465E-03, 3.759E-03, 4.334E-03,
                4.894E-03, 5.441E-03, 5.975E-03, 7.257E-03, 8.472E-03, 9.627E-03,
                1.073E-02, 1.280E-02, 1.472E-02, 1.652E-02, 1.824E-02, 1.989E-02,
                2.148E-02, 2.303E-02, 2.454E-02, 2.746E-02, 3.029E-02, 3.304E-02,
                3.574E-02, 4.229E-02, 4.865E-02, 5.488E-02, 6.099E-02, 7.293E-02,
                8.453E-02
            }
        };

        static readonly Material Ge = new Material
        {
            Name = "Ge",
            Energy = Grid,
            Range = new double[]
            {
                1.199E-05, 1.814E-05, 2.466E-05, 3.159E-05, 3.895E-05, 5.502E-05,
                7.285E-05, 9.242E-05, 1.137E-04, 1.366E-04, 1.612E-04, 1.874E-04,
                2.151E-04, 2.752E-04, 3.413E-04, 4.132E-04, 4.908E-04, 7.087E-04,
                9.593E-04, 1.241E-03, 1.553E-03, 2.263E-03, 3.081E-03, 4.001E-03,
                5.018E-03, 6.127E-03, 7.323E-03, 8.604E-03, 9.964E-03, 1.291E-02,
                1.615E-02, 1.965E-02, 2.339E-02, 3.371E-02, 4.525E-02, 5.782E-02,
                7.127E-02, 1.004E-01, 1.318E-01, 1.650E-01, 1.996E-01, 2.353E-01,
                2.718E-01, 3.089E-01, 3.465E-01, 4.229E-01, 5.001E-01, 5.779E-01,
                6.558E-01, 8.501E-01, 1.043E+00, 1.233E+00, 1.420E+00, 1.785E+00,
                2.139E+00
            },
            Yield = new double[]
            {
                5.961E-05, 7.349E-05, 8.633E-05, 9.882E-05, 1.112E-04, 1.361E-04,
                1.611E-04, 1.864E-04, 2.118E-04, 2.373E-04, 2.629E-04, 2.885E-04,
                3.141E-04, 3.652E-04, 4.162E-04, 4.668E-04, 5.171E-04, 6.413E-04,
                7.631E-04, 8.825E-04, 9.996E-04, 1.227E-03, 1.447E-03, 1.659E-03,
                1.864E-03, 2.064E-03, 2.258E-03, 2.447E-03, 2.632E-03, 2.989E-03,
                3.330E-03, 3.659E-03, 3.976E-03, 4.725E-03, 5.422E-03, 6.077E-03,
                6.697E-03, 7.854E-03, 8.930E-03, 9.947E-03, 1.092E-02, 1.186E-02,
                1.278E-02, 1.369E-02, 1.458E-02, 1.633E-02, 1.805E-02, 1.976E-02,
                2.145E-02, 2.567E-02, 2.989E-02, 3.411E-02, 3.833E-02, 4.676E-02,
                5.516E-02
            }
        };

        static readonly Material Al = new Material
        {
            Name = "Al",
            Energy = Grid,
            Range = new double[]
            {
                6.771E-06, 1.036E-05, 1.436E-05, 1.875E-05, 2.354E-05, 3.426E-05,
                4.646E-05, 6.009E-05, 7.511E-05, 9.149E-05, 1.092E-04, 1.282E-04,
                1.484E-04, 1.927E-04, 2.418E-04, 2.955E-04, 3.539E-04, 5.192E-04,
                7.111E-04, 9.284E-04, 1.170E-03, 1.724E-03, 2.367E-03, 3.094E-03,
                3.900E-03, 4.783E-03, 5.738E-03, 6.763E-03, 7.855E-03, 1.023E-02,
                1.284E-02, 1.568E-02, 1.872E-02, 2.714E-02, 3.659E-02, 4.693E-02,
                5.804E-02, 8.217E-02, 1.083E-01, 1.361E-01, 1.652E-01, 1.952E-01,
                2.260E-01, 2.575E-01, 2.894E-01, 3.545E-01, 4.206E-01, 4.874E-01,
                5.546E-01, 7.231E-01, 8.913E-01, 1.058E+00, 1.224E+00, 1.550E+00,
                1.869E+00
            },
            Yield = new double[]
            {
                2.623E-05, 3.263E-05, 3.880E-05, 4.480E-05, 5.069E-05, 6.218E-05,
                7.338E-05, 8.433E-05, 9.508E-05, 1.056E-04, 1.160E-04, 1.263E-04,
                1.364E-04, 1.563E-04, 1.756E-04, 1.946E-04, 2.132E-04, 2.583E-04,
                3.017E-04, 3.435E-04, 3.840E-04, 4.616E-04, 5.353E-04, 6.058E-04,
                6.736E-04, 7.390E-04, 8.022E-04, 8.636E-04, 9.232E-04, 1.038E-03,
                1.147E-03, 1.252E-03, 1.353E-03, 1.593E-03, 1.816E-03, 2.028E-03,
                2.231E-03, 2.616E-03, 2.982E-03, 3.335E-03, 3.678E-03, 4.016E-03,
                4.349E-03, 4.680E-03, 5.009E-03, 5.664E-03, 6.319E-03, 6.976E-03,
                7.636E-03, 9.306E-03, 1.101E-02, 1.274E-02, 1.449E-02, 1.808E-02,
                2.173E-02
            }
        };

        static readonly Material Ptfe = new Material
        {
            Name = "PTFE",
            Energy = Grid,
            Range = new double[]
            {
                5.374E-06, 8.258E-06, 1.153E-05, 1.517E-05, 1.917E-05, 2.824E-05,
                3.867E-05, 5.041E-05, 6.343E-05, 7.770E-05, 9.319E-05, 1.099E-04,
                1.277E-04, 1.668E-04, 2.104E-04, 2.584E-04, 3.105E-04, 4.589E-04,
                6.320E-04, 8.287E-04, 1.048E-03, 1.553E-03, 2.140E-03, 2.806E-03,
                3.547E-03, 4.359E-03, 5.240E-03, 6.185E-03, 7.194E-03, 9.391E-03,
                1.181E-02, 1.444E-02, 1.727E-02, 2.511E-02, 3.392E-02, 4.357E-02,
                5.395E-02, 7.651E-02, 1.010E-01, 1.271E-01, 1.543E-01, 1.824E-01,
                2.114E-01, 2.410E-01, 2.711E-01, 3.326E-01, 3.952E-01, 4.587E-01,
                5.227E-01, 6.841E-01, 8.462E-01, 1.008E+00, 1.169E+00, 1.490E+00,
                1.806E+00
            },
            Yield = new double[]
            {
                1.603E-05, 1.996E-05, 2.375E-05, 2.743E-05, 3.102E-05, 3.796E-05,
                4.466E-05, 5.115E-05, 5.746E-05, 6.363E-05, 6.966E-05, 7.558E-05,
                8.139E-05, 9.273E-05, 1.037E-04, 1.145E-04, 1.249E-04, 1.502E-04,
                1.743E-04, 1.975E-04, 2.199E-04, 2.629E-04, 3.037E-04, 3.428E-04,
                3.805E-04, 4.169E-04, 4.522E-04, 4.866E-04, 5.200E-04, 5.847E-04,
                6.467E-04, 7.065E-04, 7.643E-04, 9.021E-04, 1.032E-03, 1.156E-03,
                1.275E-03, 1.503E-03, 1.721E-03, 1.931E-03, 2.137E-03, 2.341E-03,
                2.543E-03, 2.744E-03, 2.945E-03, 3.347E-03, 3.753E-03, 4.162E-03,
                4.575E-03, 5.631E-03, 6.719E-03, 7.837E-03, 8.983E-03, 1.134E-02,
                1.377E-02
            }
        };

        static readonly Material Water = new Material
        {
            Name = "Water",
            Energy = Grid,
            Range = new double[]
            {
                4.174E-06, 6.425E-06, 8.993E-06, 1.187E-05, 1.505E-05, 2.227E-05,
                3.062E-05, 4.005E-05, 5.054E-05, 6.205E-05, 7.457E-05, 8.808E-05,
                1.025E-04, 1.343E-04, 1.698E-04, 2.089E-04, 2.515E-04, 3.728E-04,
                5.147E-04, 6.761E-04, 8.566E-04, 1.272E-03, 1.756E-03, 2.306E-03,
                2.919E-03, 3.591E-03, 4.320E-03, 5.103E-03, 5.940E-03, 7.762E-03,
                9.773E-03, 1.196E-02, 1.431E-02, 2.083E-02, 2.817E-02, 3.622E-02,
                4.487E-02, 6.372E-02, 8.421E-02, 1.060E-01, 1.288E-01, 1.523E-01,
                1.766E-01, 2.013E-01, 2.265E-01, 2.778E-01, 3.302E-01, 3.832E-01,
                4.367E-01, 5.717E-01, 7.075E-01, 8.432E-01, 9.785E-01, 1.247E+00,
                1.514E+00
            },
            Yield = new double[]
            {
                1.184E-05, 1.475E-05, 1.757E-05, 2.031E-05, 2.299E-05, 2.819E-05,
                3.323E-05, 3.812E-05, 4.289E-05, 4.755E-05, 5.212E-05, 5.661E-05,
                6.101E-05, 6.962E-05, 7.798E-05, 8.612E-05, 9.408E-05, 1.133E-04,
                1.316E-04, 1.492E-04, 1.663E-04, 1.990E-04, 2.301E-04, 2.599E-04,
                2.886E-04, 3.165E-04, 3.435E-04, 3.698E-04, 3.955E-04, 4.452E-04,
                4.931E-04, 5.393E-04, 5.842E-04, 6.912E-04, 7.926E-04, 8.894E-04,
                9.826E-04, 1.161E-03, 1.331E-03, 1.496E-03, 1.658E-03, 1.818E-03,
                1.976E-03, 2.134E-03, 2.292E-03, 2.608E-03, 2.928E-03, 3.251E-03,
                3.579E-03, 4.416E-03, 5.281E-03, 6.171E-03, 7.085E-03, 8.969E-03,
                1.092E-02
            }
        };

