== 1. ЛЕСТНИЦА ПРОРЕЖИВАНИЯ, зерно 11 ==
сцена               1/N     отсчётов   chi2_пуас   chi2_реш  inflate    eps,%         z
ASN16_Cs137           1    250626474    7969.130     59.358    7.704    51.34    164.98
ASN16_Cs137           2    125315284    3990.510     42.074    6.486    51.33    163.14
ASN16_Cs137           4     62666554    1993.762     29.821    5.461    51.28    162.41
ASN16_Cs137           8     31338339     997.928     21.134    4.597    51.28    161.92
ASN16_Cs137          16     15669877     499.524     14.908    3.861    51.27    153.02
ASN16_Cs137          32      7830762     249.456     10.504    3.241    51.20    154.19
ASN16_Cs137          64      3915561     124.573      7.436    2.727    51.05    154.70
ASN16_Cs137         128      1955314      62.483      5.216    2.284    50.96    150.73
ASN16_Cs137         256       977585      31.244      3.648    1.910    50.54    150.03
ASN16_Cs137         512       490031      15.526      2.552    1.598    49.46    142.22
ASN16_Cs137        1024       244388       7.881      1.763    1.328    48.21    137.66

G1S24_Eu152_P5        1     44252892    7893.696     64.581    8.036    42.35     67.65
G1S24_Eu152_P5        2     22129149    3968.713     45.509    6.746    42.46     66.33
G1S24_Eu152_P5        4     11061775    1981.281     32.081    5.664    42.43     64.84
G1S24_Eu152_P5        8      5533416    1008.863     22.669    4.761    42.77     61.82
G1S24_Eu152_P5       16      2767257     496.941     15.933    3.992    42.43     68.00
G1S24_Eu152_P5       32      1384164     250.924     11.197    3.346    42.59     65.08
G1S24_Eu152_P5       64       690473     123.593      7.873    2.806    42.23     63.47
G1S24_Eu152_P5      128       344929      60.206      5.529    2.351    41.54     59.98
G1S24_Eu152_P5      256       173212      29.927      3.946    1.987    41.00     58.37
G1S24_Eu152_P5      512        86646      14.591      2.754    1.660    39.71     53.96
G1S24_Eu152_P5     1024        43160       7.492      1.998    1.413    38.93     49.53

G1S16_Co60_P5         1      2918346      56.394      9.715    3.117    13.85    272.78
G1S16_Co60_P5         2      1458072      29.054      6.960    2.638    13.95    244.49
G1S16_Co60_P5         4       729350      15.199      4.806    2.192    14.03    220.66
G1S16_Co60_P5         8       364437       8.129      3.454    1.858    14.06    190.13
G1S16_Co60_P5        16       182692       4.359      2.403    1.550    13.63    163.15
G1S16_Co60_P5        32        91701       2.285      1.615    1.271    11.90    141.44
G1S16_Co60_P5        64        45533       1.394      1.154    1.074     9.35    118.27
G1S16_Co60_P5       128        22912       1.051      0.944    1.000     4.76     91.51
G1S16_Co60_P5       256        11387       0.695      0.682    1.000     0.00     64.39
G1S16_Co60_P5       512         5727       0.685      0.664    1.000     0.00     49.29
G1S16_Co60_P5      1024         2790       0.639      0.639    1.000     0.00     28.09

AS80_Onyx             1     68068445      11.039      4.840    2.200    79.65     20.60
AS80_Onyx             2     34037574       8.361      4.108    2.027    79.74     16.66
AS80_Onyx             4     17017615       5.904      3.370    1.836    79.08     12.37
AS80_Onyx             8      8508116       3.886      2.616    1.617    76.31     10.40
AS80_Onyx            16      4252652       2.644      2.045    1.430    71.74      9.42
AS80_Onyx            32      2128034       1.927      1.652    1.285    64.94      9.76
AS80_Onyx            64      1064258       1.496      1.378    1.174    55.50      5.51
AS80_Onyx           128       531115       1.179      1.121    1.059    38.24      2.58
AS80_Onyx           256       265369       0.946      0.911    1.000     0.00      0.00
AS80_Onyx           512       132552       0.851      0.802    1.000     0.00      0.00
AS80_Onyx          1024        66642       0.765      0.723    1.000     0.00      0.00

== 2. НАКЛОНЫ log-log по числу отсчётов ==
сцена             chi2_пуас   chi2_реш    inflate          z  z*inflate
ASN16_Cs137           0.999      0.506      0.253      0.024      0.277
G1S24_Eu152_P5        1.008      0.504      0.252      0.037      0.289
G1S16_Co60_P5         0.922      0.516      0.258      0.192      0.450
AS80_Onyx             0.523      0.314      0.157      0.294      0.451

== 3. ПОЛОЖИТЕЛЬНЫЙ КОНТРОЛЬ: наклон log z ==
сцена                 плечо P плечо S (5%)    настоящая
ASN16_Cs137             0.505        0.256        0.024
G1S24_Eu152_P5          0.438        0.272        0.037
G1S16_Co60_P5           0.439        0.399        0.305
AS80_Onyx               0.614        0.405        0.359

== 4. ХУБЕР ВЫКЛЮЧЕН (--huber=0): z перестаёт зависеть от набора СОВСЕМ ==
сцена               1/N     отсчётов   chi2_реш   inflate         z
ASN16_Cs137           1    250626474   6946.811    83.348     79.60
ASN16_Cs137           4     62666554   1727.727    41.566     79.84
ASN16_Cs137          16     15669877    432.158    20.788     79.86
ASN16_Cs137          64      3915561    107.411    10.364     80.28
ASN16_Cs137         256       977585     26.839     5.181     80.23
ASN16_Cs137        1024       244388      6.858     2.619     78.49

G1S24_Eu152_P5        1     44252892   6461.159    80.381     40.19
G1S24_Eu152_P5        4     11061775   1616.350    40.204     40.20
G1S24_Eu152_P5       16      2767257    403.088    20.077     40.29
G1S24_Eu152_P5       64       690473    101.391    10.069     40.01
G1S24_Eu152_P5      256       173212     25.551     5.055     40.34
G1S24_Eu152_P5     1024        43160      6.704     2.589     39.64

G1S16_Co60_P5         1      2918346     52.780     7.265    139.86
G1S16_Co60_P5         4       729350     14.252     3.775    134.49
G1S16_Co60_P5        16       182692      4.128     2.032    124.75
G1S16_Co60_P5        64        45533      1.375     1.173    108.41
G1S16_Co60_P5       256        11387      0.695     1.000     64.39
G1S16_Co60_P5      1024         2790      0.639     1.000     28.08

AS80_Onyx             1     68068445     10.922     3.305     24.64
AS80_Onyx             4     17017615      5.859     2.421     16.47
AS80_Onyx            16      4252652      2.638     1.624     11.86
AS80_Onyx            64      1064258      1.496     1.223      5.54
AS80_Onyx           256       265369      0.946     1.000      0.00
AS80_Onyx          1024        66642      0.765     1.000      0.00

