сцена                             phys тело         Qk    пик662    q0_662  k100_662      Σ662   пик1461   q0_1461 k100_1461     Σ1461   пик2614   q0_2614 k100_2614     Σ2614
AS80_lu_front                       20 РАЗОШЛОСЬ   142     -0.06     -0.28     -0.57     +0.09     +0.27     -0.20     +0.11     +0.23     -0.04     +0.42     +1.03     +0.19
AS80_point0                         20 РАЗОШЛОСЬ   140     -0.04     +0.74     +0.80     +0.10     +0.13     -0.65     +0.27     -0.00     +0.02     +0.86     +0.02     +0.21
AS80_th_disk                        20 РАЗОШЛОСЬ   146     -0.01     -0.13     -0.95     -0.15     -0.17     +0.30     -0.17     +0.22     +0.04     +0.02     -0.06     -0.17
ASN16_lu_side                       20 РАЗОШЛОСЬ   142     -0.12     +0.32     +0.04     -0.24     +0.07     -0.11     -0.21     -0.28     +0.13     -0.65     +0.87     -0.60
ASN16_point0_house                  20 РАЗОШЛОСЬ   140     +0.14     -0.79     -1.05     -0.04     +0.13     -0.29     -0.40     +0.27     +0.08     +1.16     +0.91     +0.03
ASN16_point10_house                 20 РАЗОШЛОСЬ   140     +0.11     -0.36     -1.06     -1.11     +0.02     +3.12    +15.32     +2.19     -1.01     -8.05    -11.35     -2.55
G1S_denta100_oisn10_100_p16         20 РАЗОШЛОСЬ   142     +0.02     -0.67     -1.71     -0.05     +0.18     +0.09     +1.19     -0.07     +0.33     +0.16     -0.30     +0.25
G1S_denta100_risn379_100_p16        20 РАЗОШЛОСЬ   140     -0.00     +0.27     +0.74     +0.16     +0.04     -0.06     +1.22     +0.18     -0.18     -0.01     -1.20     +0.06
G1S_denta120_oisn06_057_p24         20 РАЗОШЛОСЬ   142     +0.00     -0.46     -0.80     +0.10     -0.10     -0.54     -1.50     -0.24     +0.21     -0.70     +0.92     -0.22
G1S_denta120_oisn06_062_p24         20 РАЗОШЛОСЬ   142     +0.04     -0.34     -0.24     +0.06     +0.18     +0.55     +2.34     +0.16     -0.30     +0.31     +1.27     -0.12
G1S_denta120_oisn06_064_p24         20 РАЗОШЛОСЬ   142     +0.00     -0.34     -0.05     +0.02     -0.01     +0.48     -0.28     +0.10     -0.20     -0.51     +1.29     -0.11
G1S_denta120_oisn06_066_p24         20 РАЗОШЛОСЬ   142     +0.17     -0.11     -0.40     +0.11     -0.14     +0.22     -0.34     -0.08     +0.35     +0.75     +3.32     +0.13
G1S_denta120_oisn16_155_p24         20 РАЗОШЛОСЬ   142     -0.05     -0.09     -0.21     +0.09     -0.10     -0.24     -0.90     -0.23     +0.07     +0.03     -0.32     -0.25
G1S_denta120_oisn16_160_p24         20 РАЗОШЛОСЬ   142     +0.05     +0.05     -0.23     -0.03     -0.14     -0.31     -1.68     +0.01     +0.06     +0.52     +0.27     -0.01
G1S_denta120_oisn16_166_p24         20 РАЗОШЛОСЬ   142     +0.05     -0.10     +0.13     +0.01     -0.13     +0.26     -0.47     +0.11     +0.03     +0.28     -0.12     +0.03
G1S_denta120_oisn16_167_p24         20 РАЗОШЛОСЬ   142     +0.06     +0.19     +0.82     +0.13     -0.11     +0.80     -0.65     +0.03     +0.22     -0.28     +2.27     +0.02
G1S_mar1l_coal_046_p24              20 РАЗОШЛОСЬ   140     +0.01     +0.62     +0.25     +0.50     +0.01     +1.10     +0.35     +0.02     +0.10     -1.33     -1.16     -0.11
G1S_mar1l_oisn06_055_p16            20 РАЗОШЛОСЬ   140     +0.02     -0.06     -0.30     +0.24     +0.18     -0.10     +1.56     -0.24     -0.19     +0.48     +0.91     -0.04
G1S_mar1l_oisn06_057_p16            20 РАЗОШЛОСЬ   140     +0.07     +0.26     -0.13     +0.19     +0.22     -0.34     +0.65     -0.15     -0.09     +0.12     +1.19     -0.25
G1S_mar1l_oisn06_057_p24            20 РАЗОШЛОСЬ   142     +0.01     -0.09     +0.15     +0.06     -0.01     -0.50     +0.87     -0.21     -0.02     -0.53     -1.36     -0.36
G1S_mar1l_oisn06_062_p16            20 РАЗОШЛОСЬ   140     +0.06     -0.05     -0.76     +0.26     -0.07     +0.71     -0.56     +0.10     +0.00     -0.07     +0.90     -0.16
G1S_mar1l_oisn06_062_p24            20 РАЗОШЛОСЬ   142     -0.07     -0.10     +0.25     +0.18     -0.17     -0.87     -0.12     -0.43     +0.11     -0.44     +0.70     +0.01
G1S_mar1l_oisn06_064_p24            20 РАЗОШЛОСЬ   142     -0.11     +0.22     -0.15     +0.14     -0.21     +0.30     +2.53     +0.07     +0.31     -0.80     -2.18     -0.07
G1S_mar1l_oisn06_066_p16            20 РАЗОШЛОСЬ   140     +0.06     -0.45     -0.67     -0.10     +0.12     +0.38     -0.82     +0.05     +0.20     -0.16     -1.18     +0.04
G1S_mar1l_oisn06_066_p24            20 РАЗОШЛОСЬ   142     +0.05     +0.19     +0.22     +0.34     -0.17     -0.25     +0.98     +0.26     -0.08     -1.15     -2.38     -0.25
G1S_mar1l_oisn16_155_p16            20 РАЗОШЛОСЬ   142     -0.01     +0.28     +0.19     -0.05     -0.09     +0.50     +0.78     +0.22     -0.04     -0.45     -1.62     +0.04
G1S_mar1l_oisn16_155_p24            20 РАЗОШЛОСЬ   142     -0.04     -0.22     -1.13     +0.06     -0.22     +0.30     -0.42     +0.18     -0.03     -0.29     -3.56     -0.22
G1S_mar1l_oisn16_160_p16            20 РАЗОШЛОСЬ   142     -0.07     -0.40     -0.30     +0.14     -0.11     -0.22     +0.44     -0.26     +0.05     -0.76     +0.83     -0.32
G1S_mar1l_oisn16_160_p24            20 РАЗОШЛОСЬ   142     -0.09     -0.32     -0.26     +0.12     -0.13     -0.15     +0.22     +0.11     +0.08     -0.19     +2.63     +0.10
G1S_mar1l_oisn16_166_p16            20 РАЗОШЛОСЬ   142     -0.04     +0.59     +0.50     -0.10     +0.09     +0.39     -0.69     +0.18     -0.08     -0.88     -0.73     -0.34
G1S_mar1l_oisn16_166_p24            20 РАЗОШЛОСЬ   142     -0.07     +0.26     +0.10     -0.06     +0.13     -0.37     -1.33     -0.27     +0.19     -0.19     +1.08     +0.11
G1S_mar1l_oisn16_167_p16            20 РАЗОШЛОСЬ   142     -0.07     +0.15     -0.03     -0.07     -0.01     +0.74     -0.30     +0.21     +0.03     +0.30     +0.72     +0.12
G1S_mar1l_oisn16_167_p24            20 РАЗОШЛОСЬ   142     -0.07     +0.07     -0.16     -0.13     +0.08     +0.55     +0.06     +0.29     +0.03     -0.40     -0.83     -0.08
G1S_mar1l_risn379_100_p16           20 РАЗОШЛОСЬ   140     +0.02     +0.61     +0.41     +0.06     -0.22     -0.88     -1.91     -0.36     +0.23     +0.18     +0.79     +0.31
G1S_petri60_oisn06_057_p24          20 РАЗОШЛОСЬ   142     -0.01     -0.56     -0.14     +0.02     -0.05     +0.07     +0.31     -0.10     +0.11     +0.41     +2.91     +0.01
G1S_petri60_oisn06_062_p24          20 РАЗОШЛОСЬ   142     -0.04     -0.85     -0.81     +0.13     -0.01     -1.01     -1.59     -0.21     -0.14     -0.83     -0.08     -0.17
G1S_petri60_oisn06_064_p24          20 РАЗОШЛОСЬ   142     -0.00     -0.56     +0.18     -0.04     +0.08     -0.53     -0.07     -0.15     +0.02     -0.33     -0.33     -0.19
G1S_petri60_oisn06_067_p24          20 РАЗОШЛОСЬ   142     +0.04     -1.66     -0.44     -0.20     -0.02     -0.14     +1.36     +0.07     -0.28     -0.35     +0.41     +0.39
G1S_petri60_oisn10_100_p16          20 РАЗОШЛОСЬ   142     +0.09     -0.76     -0.12     -0.03     -0.05     +0.41     +0.57     +0.17     -0.30     +0.49     -0.35     +0.29
G1S_petri60_oisn16_155_p24          20 РАЗОШЛОСЬ   142     +0.08     +0.25     +0.61     -0.07     -0.13     +0.38     +1.28     -0.23     -0.19     +0.04     +0.79     -0.02
G1S_petri60_oisn16_160_p24          20 РАЗОШЛОСЬ   142     -0.02     +0.28     +1.26     -0.09     -0.06     +0.38     +1.29     +0.16     -0.12     -0.25     +0.85     -0.13
G1S_petri60_oisn16_167_p24          20 РАЗОШЛОСЬ   142     -0.15     +0.27     +0.92     -0.02     +0.01     +0.66     +0.10     +0.27     -0.05     +0.30     +0.55     -0.08
G1S_petri60_risn379_100_p16         20 РАЗОШЛОСЬ   140     +0.02     -0.02     -0.17     +0.04     -0.10     -0.67     +0.08     +0.04     -0.17     +0.11     -0.34     -0.19
G1S_point25                         20 РАЗОШЛОСЬ   140     +0.07     +2.76     +6.15     +0.12     +0.16     +0.41     +2.85     +0.38     +0.37     +2.59     -4.23     -0.50
G1S_point5                          20 РАЗОШЛОСЬ   140     -0.08     +0.86     +1.11     -0.30     +0.07     -0.73     -1.11     +0.28     +0.51     -0.73     +2.39     -0.22
RC103_lu_front                      20 РАЗОШЛОСЬ   142     -0.06     +2.45     +2.76     +1.22     -0.55     +1.33     +7.70     +0.38     -0.38     +2.05     -2.07     +0.16
RC103_marinelli05_kcl               20 РАЗОШЛОСЬ   140     -0.16     -0.20     +0.17     +1.38     +0.00     -2.30     -5.23     +0.85     +1.66     +4.67     +9.64     +1.26
RC103_point0                        20 РАЗОШЛОСЬ   140     +0.05     +0.31     +0.23     +0.19     -0.07     +0.43     +1.60     +0.00     +0.07     +1.16     +4.57     +0.97
RC103_point50                       20 РАЗОШЛОСЬ   140     +0.10     -5.58     -6.23     -1.39     +0.45     -4.42     +7.04     -1.62     +2.03     -8.62     -9.94     -2.84
сцен 49, принято (phys=20, тело разошлось, блок Q_k полон) 49
сводка B/A−1, % по 49 сценам (медиана / мин / макс):
  пик662       +0.00 /   -0.16 /   +0.17
  q0_662       -0.06 /   -5.58 /   +2.76
  k100_662     -0.12 /   -6.23 /   +6.15
  Σ662         +0.06 /   -1.39 /   +1.38
  пик1461      -0.01 /   -0.55 /   +0.45
  q0_1461      +0.07 /   -4.42 /   +3.12
  k100_1461    +0.10 /   -5.23 /  +15.32
  Σ1461        +0.07 /   -1.62 /   +2.19
  пик2614      +0.03 /   -1.01 /   +2.03
  q0_2614      -0.07 /   -8.62 /   +4.67
  k100_2614    +0.41 /  -11.35 /   +9.64
  Σ2614        -0.07 /   -2.84 /   +1.26
