сцена                             phys тело         Qk    пик662    q0_662  k100_662      Σ662   пик1461   q0_1461 k100_1461     Σ1461   пик2614   q0_2614 k100_2614     Σ2614
AS80_lu_front                       19 РАЗОШЛОСЬ   142     -0.05     +0.24     +1.00     -0.13     -0.23     +1.45     +4.98     -0.07     -0.06     +1.54     +6.70     +0.23
AS80_point0                         19 РАЗОШЛОСЬ   140     -0.02     -0.28     +0.15     -0.07     -0.15     +1.80     +4.72     +0.04     -0.05     +6.26    +16.24     +1.55
AS80_th_disk                        19 РАЗОШЛОСЬ   146     +0.03     -0.74     +0.36     -0.14     +0.05     +0.59     +2.24     -0.19     +0.13     +2.83     +8.02     +0.66
ASN16_lu_side                       19 РАЗОШЛОСЬ   142     +0.16     +0.26     +1.19     -0.11     +0.03     +2.48     +7.10     +0.30     +0.03     +6.87    +13.27     +1.17
G1S_denta100_oisn10_100_p16         19 РАЗОШЛОСЬ   142     +0.02     +0.41     +1.17     +0.30     -0.18     +0.45     +2.59     -0.07     -0.10     +3.17     +9.74     +0.68
G1S_denta100_risn379_100_p16        19 РАЗОШЛОСЬ   140     +0.03     +0.82     +0.46     +0.14     -0.20     +1.50     +3.63     +0.14     -0.17     +2.56     +9.13     +0.05
G1S_denta120_oisn06_057_p24         19 РАЗОШЛОСЬ   142     +0.03     +0.31     +1.36     +0.01     -0.19     +2.15     +6.97     +0.04     +0.18     +3.99     +9.20     +0.48
G1S_denta120_oisn06_062_p24         19 РАЗОШЛОСЬ   142     +0.06     +0.96     +1.76     +0.22     -0.29     +1.27     +3.54     -0.13     +0.10     +3.56     +8.20     +0.28
G1S_denta120_oisn06_064_p24         19 РАЗОШЛОСЬ   142     +0.03     +0.85     +1.03     +0.20     -0.25     +1.23     +5.68     +0.13     -0.36     +3.22     +7.39     +0.17
G1S_denta120_oisn06_066_p24         19 РАЗОШЛОСЬ   142     -0.05     +1.02     +1.81     +0.21     -0.34     +1.39     +5.68     -0.02     -0.29     +2.75     +6.74     +0.15
G1S_denta120_oisn16_155_p24         19 РАЗОШЛОСЬ   142     +0.05     +0.23     +1.21     +0.19     +0.36     +1.30     +3.97     +0.31     -0.09     +2.14     +7.31     +0.36
G1S_denta120_oisn16_160_p24         19 РАЗОШЛОСЬ   142     -0.01     -0.11     -0.04     +0.13     +0.30     +1.66     +4.97     +0.37     -0.19     +2.56     +6.84     +0.47
G1S_denta120_oisn16_166_p24         19 РАЗОШЛОСЬ   142     -0.03     +0.20     +0.70     +0.07     +0.16     +1.20     +4.23     +0.07     +0.07     +2.38     +7.92     +0.62
G1S_denta120_oisn16_167_p24         19 РАЗОШЛОСЬ   142     -0.00     +0.18     +0.24     -0.01     +0.21     +1.24     +4.94     +0.15     -0.30     +2.53     +6.76     +0.41
G1S_mar1l_coal_046_p24              19 РАЗОШЛОСЬ   140     -0.10     +0.33     +0.86     -0.14     -0.20     +1.24     +5.86     +0.40     -0.10     +5.12     +8.19     +1.35
G1S_mar1l_oisn06_055_p16            19 РАЗОШЛОСЬ   140     +0.06     +0.17     +1.75     -0.22     -0.13     +2.30     +4.53     +0.48     -0.19     +2.96     +9.61     +0.92
G1S_mar1l_oisn06_057_p16            19 РАЗОШЛОСЬ   140     -0.10     +0.14     +1.32     -0.24     -0.21     +2.72     +4.31     +0.59     -0.02     +3.51     +8.57     +1.05
G1S_mar1l_oisn06_057_p24            19 РАЗОШЛОСЬ   142     -0.11     +0.19     +0.10     +0.03     +0.15     +1.89     +3.06     +0.50     +0.10     +3.30     +9.02     +0.78
G1S_mar1l_oisn06_062_p16            19 РАЗОШЛОСЬ   140     -0.04     +1.39     +2.03     +0.08     -0.03     +1.93     +4.95     +0.28     -0.11     +3.39     +5.84     +0.73
G1S_mar1l_oisn06_062_p24            19 РАЗОШЛОСЬ   142     -0.02     +0.65     +0.20     -0.02     +0.09     +2.30     +3.56     +0.63     +0.04     +3.33     +8.46     +0.75
G1S_mar1l_oisn06_064_p24            19 РАЗОШЛОСЬ   142     +0.11     -0.15     -0.88     -0.05     +0.13     +2.04     +4.12     +0.37     -0.07     +3.37    +11.17     +0.61
G1S_mar1l_oisn06_066_p16            19 РАЗОШЛОСЬ   140     +0.01     +0.57     +0.84     +0.24     -0.04     +1.47     +4.87     +0.36     -0.22     +2.71     +6.54     +0.71
G1S_mar1l_oisn06_066_p24            19 РАЗОШЛОСЬ   142     +0.01     +0.17     +0.28     -0.10     +0.08     +2.29     +4.08     +0.44     -0.04     +3.99    +10.86     +0.90
G1S_mar1l_oisn16_155_p16            19 РАЗОШЛОСЬ   142     -0.02     +0.04     +0.18     +0.08     +0.07     +0.89     +3.15     +0.22     +0.20     +1.60     +7.67     +0.26
G1S_mar1l_oisn16_155_p24            19 РАЗОШЛОСЬ   142     -0.01     -0.30     +0.03     -0.10     +0.18     +0.75     +3.48     +0.17     +0.18     +2.28     +7.74     +0.72
G1S_mar1l_oisn16_160_p16            19 РАЗОШЛОСЬ   142     +0.03     +1.09     +1.50     +0.21     +0.10     +0.81     +2.91     +0.52     +0.00     +1.24     +5.96     +0.22
G1S_mar1l_oisn16_160_p24            19 РАЗОШЛОСЬ   142     +0.12     +0.64     +1.22     +0.16     +0.06     +0.70     +3.91     +0.24     -0.07     +1.92     +5.65     +0.47
G1S_mar1l_oisn16_166_p16            19 РАЗОШЛОСЬ   142     -0.10     -0.24     +0.91     +0.02     -0.14     +0.40     +2.26     +0.30     -0.12     +2.10     +7.95     +0.39
G1S_mar1l_oisn16_166_p24            19 РАЗОШЛОСЬ   142     -0.12     +0.35     +1.67     +0.09     -0.20     +0.79     +1.98     +0.26     -0.33     +1.53     +7.19     +0.28
G1S_mar1l_oisn16_167_p16            19 РАЗОШЛОСЬ   142     -0.01     +0.50     +1.61     -0.06     -0.09     +0.36     +2.45     +0.36     -0.18     +1.52     +6.41     +0.13
G1S_mar1l_oisn16_167_p24            19 РАЗОШЛОСЬ   142     -0.09     -0.30     +1.07     -0.09     -0.15     +0.15     +2.31     -0.05     -0.21     +1.41     +6.09     +0.19
G1S_mar1l_risn379_100_p16           19 РАЗОШЛОСЬ   140     -0.06     -0.12     +0.36     -0.16     +0.04     +1.33     +4.25     +0.16     -0.15     +2.39     +8.05     +0.65
G1S_petri60_oisn06_057_p24          19 РАЗОШЛОСЬ   142     -0.03     +1.39     +1.94     +0.02     +0.13     +1.97     +5.42     +0.29     -0.70     +5.60     +9.98     +0.72
G1S_petri60_oisn06_062_p24          19 РАЗОШЛОСЬ   142     -0.10     +1.74     +2.65     +0.03     +0.08     +2.68     +6.12     +0.47     -0.02     +5.94    +10.73     +1.06
G1S_petri60_oisn06_064_p24          19 РАЗОШЛОСЬ   142     -0.16     +1.63     +2.16     +0.13     +0.13     +2.19     +5.99     +0.22     -0.23     +5.72    +11.05     +1.01
G1S_petri60_oisn06_067_p24          19 РАЗОШЛОСЬ   142     -0.17     +2.21     +2.25     +0.19     -0.01     +1.83     +4.38     +0.05     -0.12     +5.38     +9.76     +0.67
G1S_petri60_oisn10_100_p16          19 РАЗОШЛОСЬ   142     -0.01     +0.92     +2.19     +0.17     -0.27     +1.66     +5.68     +0.09     -0.04     +5.19    +10.94     +1.11
G1S_petri60_oisn16_155_p24          19 РАЗОШЛОСЬ   142     +0.07     +0.72     +1.53     +0.33     -0.15     +1.27     +3.65     +0.29     +0.38     +3.95     +9.46     +0.90
G1S_petri60_oisn16_160_p24          19 РАЗОШЛОСЬ   142     +0.09     +0.81     +0.95     +0.32     -0.26     +1.58     +5.21     +0.26     +0.18     +3.83    +10.10     +0.75
G1S_petri60_oisn16_167_p24          19 РАЗОШЛОСЬ   142     +0.13     +0.74     +1.18     +0.20     -0.18     +0.82     +4.64     +0.05     +0.25     +3.72     +9.55     +0.92
G1S_petri60_risn379_100_p16         19 РАЗОШЛОСЬ   140     +0.01     +0.22     +1.17     -0.13     +0.15     +2.54     +6.03     +0.30     -0.08     +5.16    +10.07     +0.91
G1S_point25                         19 РАЗОШЛОСЬ   140     -0.10     +0.96     +0.53     +0.53     +0.20     +3.24     +0.25     +1.84     -0.17     +0.75     +8.86     +0.33
G1S_point5                          19 РАЗОШЛОСЬ   140     -0.11     +1.45     +1.95     +0.16     -0.11     +2.72     +5.58     -0.05     -0.19     +2.97    +10.46     -0.03
RC103_lu_front                      19 РАЗОШЛОСЬ   142     -0.02     -0.08     +0.95     -0.24     +0.37     +4.63    +10.68     +0.11     +0.09    +10.66    +24.04     +2.65
RC103_marinelli05_kcl               19 РАЗОШЛОСЬ   140     +0.01     +3.92     +2.36     +1.14     -0.88     +4.76    +17.80     -0.27     -0.29    +11.36     +9.28     +5.55
RC103_point0                        19 РАЗОШЛОСЬ   140     +0.09     +1.85     +2.37     -0.37     -0.14     +5.39    +15.08     -0.37     -1.90    +22.16    +31.78     +4.47
сцен 46, принято (phys=19, тело разошлось, блок Q_k полон) 46
сводка B/A−1, % по 46 сценам (медиана / мин / макс):
  пик662       -0.01 /   -0.17 /   +0.16
  q0_662       +0.38 /   -0.74 /   +3.92
  k100_662     +1.17 /   -0.88 /   +2.65
  Σ662         +0.05 /   -0.37 /   +1.14
  пик1461      -0.03 /   -0.88 /   +0.37
  q0_1461      +1.54 /   +0.15 /   +5.39
  k100_1461    +4.46 /   +0.25 /  +17.80
  Σ1461        +0.23 /   -0.37 /   +1.84
  пик2614      -0.09 /   -1.90 /   +0.38
  q0_2614      +3.26 /   +0.75 /  +22.16
  k100_2614    +8.71 /   +5.65 /  +31.78
  Σ2614        +0.67 /   -0.03 /   +5.55
