спектр            окно        base: n/m     χ²    Δцт |       lev15: n/m     χ²    Δцт |       lev25: n/m     χ²    Δцт |       lev35: n/m     χ²    Δцт
G1S16_Ba133_P5    Kα           0.9924       24 +0.000 |         1.0628     1495 +0.000 |         1.0573     1250 +0.000 |         1.1255     5645 +0.000
G1S16_Ba133_P5    Kβ           1.1106      727 +0.000 |         1.0113        8 +0.000 |         0.8658     1373 +0.000 |         0.8056     3094 +0.000
G1S24_Ba133_P5    Kα           1.0603    41129 +0.243 |         0.9159    19341 +0.148 |         0.9356    10472 +0.106 |         0.9744     2774 +0.062
G1S24_Ba133_P5    Kβ           1.8577   110609 +0.030 |         1.2579    15161 +0.043 |         1.1242     3825 +0.001 |         1.0013      534 -0.056
G1S16_Ba133_P25   Kα           1.0050        1 +0.000 |         1.0735      156 +0.000 |         1.0711      146 +0.000 |         1.1061      316 +0.000
G1S16_Ba133_P25   Kβ           1.1213       72 +0.000 |         1.0958       46 +0.000 |         0.9137       45 +0.000 |         0.8354      178 +0.000
ASN16_Cs137       Kα           0.9445    57774 +0.045 |         1.0147     9842 +0.025 |         1.0557    45566 -0.008 |         1.1049   144308 -0.009
ASN16_Cs137       Kβ           1.0325     8736 +0.022 |         0.9820     3790 -0.021 |         0.9062    77938 -0.064 |         0.9007   103036 -0.098
G1S16_Cs137_P5    Kα           1.0301      200 +0.041 |         1.0522      296 -0.015 |         0.9796       98 -0.030 |         0.9667      389 -0.069
G1S16_Cs137_P5    Kβ           1.0070      231 -0.114 |         0.9884      117 -0.080 |         1.0029        3 -0.012 |         0.9553       83 +0.021
G1S24_Cs137_P5    Kα           0.8302     7125 -0.111 |         0.9108     2277 -0.092 |         0.9468      981 -0.071 |         1.0115      696 -0.084
G1S24_Cs137_P5    Kβ           1.0116      500 +0.078 |         1.0151      145 +0.038 |         0.9990       13 -0.013 |         0.9643      496 -0.067
G1S16_Cs137_P25   Kα           0.9147      111 +0.018 |         0.9831        7 +0.020 |         1.0090        2 +0.009 |         1.0441       26 +0.011
G1S16_Cs137_P25   Kβ           1.0624       31 +0.011 |         1.0729       43 -0.019 |         1.0236       12 -0.039 |         1.0054       23 -0.071
G1S24_Cs137_P25   Kα           0.8588      756 -0.140 |         0.9045      451 -0.138 |         0.9311      315 -0.130 |         0.9692      200 -0.122
G1S24_Cs137_P25   Kβ           1.0488      230 +0.139 |         1.0097       96 +0.100 |         0.9883       36 +0.061 |         0.9893        9 +0.029
G1S16_Ce139_P5    Kα           0.8790      378 +0.000 |         0.9223      148 +0.000 |         0.9972        0 +0.000 |         1.0513       57 -0.000
G1S16_Ce139_P5    Kβ           0.9260       59 +0.000 |         0.9855        2 +0.000 |         0.8613      224 +0.000 |         0.8466      279 +0.000
G1S16_Ce139_P25   Kα           0.8632       35 +0.000 |         0.9287        9 -0.000 |         0.9533        4 +0.000 |         1.0007        0 +0.000
G1S16_Ce139_P25   Kβ           1.0211       12 -0.093 |         0.9986       24 -0.138 |         0.9820       34 -0.166 |         0.9851       47 -0.197
