спектр               E_лин  E_свет |  ц_дан  σ_дан  σ_мод |  E_файл  ПШПВ_ф    отн |  σд/σм (Eсв/Eф)^p
G1S16_Am241_P25      59.54   63.01 |  23.28  1.457  1.375 |   54.39    8.94  16.4% |  1.060  1.102
G1S16_Ba133_P25      30.97   32.88 |  12.31  1.318  1.209 |   29.53    6.14  20.8% |  1.090  1.072
G1S16_Ba133_P25     302.85  305.24 | 107.34  5.924  5.976 |  301.35   25.57   8.5% |  0.991  1.008
G1S16_Ba133_P25     356.01  358.06 | 126.43  4.993  5.004 |  356.71   28.54   8.0% |  0.998  1.002
G1S16_Cd109_P25      22.16   23.75 |   9.22  1.195  0.967 |   21.37    5.14  24.1% |  1.236  1.071
G1S16_Cd109_P25      88.03   91.53 |  33.79  1.464  1.681 |   91.67   11.99  13.1% |  0.871  0.999
G1S16_Ce139_P25      33.44   35.16 |  13.28  1.383  1.296 |   32.54    6.48  19.9% |  1.067  1.051
G1S16_Ce139_P25     165.86  168.85 |  60.72  2.472  2.766 |  168.22   17.55  10.4% |  0.894  1.002
G1S16_Co60_P25     1173.23 1168.92 | 397.83  9.579  9.834 | 1169.57   62.50   5.3% |  0.974  1.000
G1S16_Co60_P25     1332.49 1326.67 | 451.06  9.375  9.566 | 1330.05   67.78   5.1% |  0.980  0.998
G1S16_Cs137_P25      32.19   34.12 |  12.91  1.547  1.462 |   32.48    6.41  19.7% |  1.058  1.032
G1S16_Cs137_P25     661.66  661.66 | 228.92  6.168  6.082 |  661.09   42.90   6.5% |  1.014  1.001
G1S16_Eu152_P25      40.12   42.53 |  16.01  1.527  1.478 |   37.89    7.19  19.0% |  1.033  1.078
G1S16_Eu152_P25     344.28  346.41 | 122.02  4.978  4.971 |  344.92   27.79   8.1% |  1.002  1.003
G1S16_Eu152_P25     778.90  778.05 | 267.83  9.445  9.448 |  778.54   47.58   6.1% |  1.000  1.000
G1S16_Eu152_P25     964.06  961.62 | 328.96 10.447 10.557 |  963.05   54.77   5.7% |  0.990  0.999
G1S16_Eu152_P25    1112.08 1108.33 | 374.32 10.490 10.627 | 1100.62   59.79   5.4% |  0.987  1.005
G1S16_Eu152_P25    1408.01 1401.59 | 476.09 10.511 10.523 | 1410.35   70.15   5.0% |  0.999  0.996
G1S16_Mn54_P25      834.85  833.54 | 286.45  7.081  6.986 |  831.75   49.53   6.0% |  1.014  1.001
G1S16_Na22_P25      511.00  512.23 | 178.24  5.727  5.579 |  509.04   35.91   7.1% |  1.026  1.004
G1S16_Na22_P25     1274.54 1269.28 | 432.13  9.059  9.150 | 1272.48   65.69   5.2% |  0.990  0.998
G1S16_Th228_P25      77.11   80.65 |  29.39  1.666  1.684 |   74.90   10.64  14.2% |  0.989  1.050
G1S16_Th228_P25     238.63  241.25 |  85.95  3.753  3.796 |  238.10   21.81   9.2% |  0.989  1.009
G1S16_Th228_P25     510.77  512.00 | 179.87  7.844  7.839 |  513.96   36.08   7.0% |  1.001  0.997
G1S16_Th228_P25     583.19  583.87 | 202.22  6.483  6.470 |  580.36   39.10   6.7% |  1.002  1.004
G1S16_Th228_P25     727.33  726.87 | 252.37  8.594  8.442 |  730.20   45.55   6.2% |  1.018  0.997
G1S16_Th228_P25     860.56  859.03 | 295.60  9.625  9.671 |  860.21   50.79   5.9% |  0.995  0.999
G1S16_Th228_P25    2614.51 2597.13 | 878.17 13.815 14.946 | 2611.75   99.52   3.8% |  0.924  0.996
G1S16_Y88_P25       898.04  896.20 | 308.06  7.632  8.029 |  895.31   52.03   5.8% |  0.951  1.001
G1S16_Y88_P25      1836.06 1826.04 | 618.28 12.041 11.680 | 1837.82   82.60   4.5% |  1.031  0.996
G1S16_Am241_P5       59.54   63.01 |  23.51  1.337  1.345 |   54.21    9.01  16.6% |  0.995  1.104
G1S16_Ba133_P5       30.97   32.88 |  12.27  1.297  1.210 |   29.44    6.16  20.9% |  1.072  1.074
G1S16_Ba133_P5      302.85  305.24 | 107.59  5.900  5.912 |  299.31   25.50   8.5% |  0.998  1.013
G1S16_Ba133_P5      356.01  358.06 | 126.99  5.068  5.119 |  354.91   28.48   8.0% |  0.990  1.006
G1S16_Cd109_P5       22.16   23.75 |   9.23  1.195  0.981 |   20.04    5.14  25.7% |  1.218  1.116
G1S16_Cd109_P5       88.03   91.53 |  33.89  1.491  1.588 |   90.87   12.00  13.2% |  0.939  1.005
G1S16_Ce139_P5       33.44   35.16 |  13.21  1.377  1.301 |   31.75    6.49  20.4% |  1.059  1.068
G1S16_Ce139_P5      165.86  168.85 |  60.92  2.393  2.675 |  168.72   17.62  10.4% |  0.895  1.001
G1S16_Co57_P5       122.06  125.22 |  46.06  2.321  2.523 |  120.68   14.25  11.8% |  0.920  1.025
G1S16_Co60_P5      1173.23 1168.92 | 398.40  9.384  9.595 | 1168.58   61.75   5.3% |  0.978  1.000
G1S16_Co60_P5      1332.49 1326.67 | 451.96  9.391  9.571 | 1331.25   67.23   5.0% |  0.981  0.998
G1S16_Cs137_P5       32.19   34.12 |  12.88  1.492  1.400 |   25.87    6.14  23.7% |  1.066  1.199
G1S16_Cs137_P5      661.66  661.66 | 229.15  6.097  6.018 |  658.20   42.32   6.4% |  1.013  1.003
G1S16_Eu152_P5       40.12   42.53 |  16.05  1.503  1.466 |   37.75    7.26  19.2% |  1.025  1.081
G1S16_Eu152_P5      344.28  346.41 | 122.23  4.773  4.812 |  345.83   27.85   8.1% |  0.992  1.001
G1S16_Eu152_P5      964.06  961.62 | 329.96 10.607 10.893 |  965.20   54.64   5.7% |  0.974  0.998
G1S16_Eu152_P5     1112.08 1108.33 | 375.45 10.740 10.969 | 1102.70   59.61   5.4% |  0.979  1.003
G1S16_Eu152_P5     1408.01 1401.59 | 477.45 10.652 11.048 | 1412.11   69.92   5.0% |  0.964  0.995
G1S16_Mn54_P5       834.85  833.54 | 286.74  6.892  6.529 |  836.98   48.41   5.8% |  1.056  0.997
G1S16_Na22_P5       511.00  512.23 | 178.63  5.496  5.629 |  511.95   37.03   7.2% |  0.976  1.000
G1S16_Na22_P5      1274.54 1269.28 | 432.67  9.292  9.684 | 1253.50   65.20   5.2% |  0.960  1.008
G1S16_Th228_P5       77.11   80.65 |  29.98  1.690  1.729 |   71.90   10.97  15.3% |  0.978  1.078
G1S16_Th228_P5      510.77  512.00 | 178.73  6.925  7.059 |  512.80   35.45   6.9% |  0.981  0.999
G1S16_Th228_P5      583.19  583.87 | 202.66  6.554  6.397 |  583.91   38.51   6.6% |  1.025  1.000
G1S16_Th228_P5      727.33  726.87 | 252.43  8.591  8.670 |  731.96   44.53   6.1% |  0.991  0.995
G1S16_Th228_P5      860.56  859.03 | 296.03  9.841  9.934 |  861.89   49.49   5.7% |  0.991  0.998
G1S16_Y88_P5        898.04  896.20 | 307.83  8.043  8.069 |  896.58   52.14   5.8% |  0.997  1.000
G1S16_Y88_P5       1836.06 1826.04 | 619.05 11.363 11.761 | 1835.77   82.23   4.5% |  0.966  0.997
G1S24_Cs137_P25      32.19   34.12 |  12.95  1.643  1.514 |   33.41    7.47  22.4% |  1.085  1.013
G1S24_Cs137_P25     661.66  661.66 | 229.08  6.795  6.694 |  662.74   47.08   7.1% |  1.015  0.999
G1S24_Na22_P25      511.00  512.23 | 178.62  6.149  6.024 |  502.61   39.21   7.8% |  1.021  1.012
G1S24_Na22_P25     1274.54 1269.28 | 431.90 10.196  9.886 | 1261.36   69.33   5.5% |  1.031  1.004
G1S24_Th228_P25      77.11   80.65 |  30.06  1.796  1.806 |   80.02   12.56  15.7% |  0.994  1.005
G1S24_Th228_P25     238.63  241.25 |  86.37  4.226  4.353 |  240.17   24.74  10.3% |  0.971  1.003
G1S24_Th228_P25     510.77  512.00 | 180.27  8.727  8.770 |  515.44   40.13   7.8% |  0.995  0.996
G1S24_Th228_P25     583.19  583.87 | 202.15  7.223  7.303 |  580.61   43.26   7.5% |  0.989  1.003
G1S24_Th228_P25     727.33  726.87 | 252.31  9.611  9.512 |  730.95   49.97   6.8% |  1.010  0.997
G1S24_Th228_P25     860.56  859.03 | 294.60 11.035 10.841 |  858.40   55.18   6.4% |  1.018  1.000
G1S24_Th228_P25    2614.51 2597.13 | 874.97 17.178 15.846 | 2609.22  110.25   4.2% |  1.084  0.997
G1S24_Y88_P25       898.04  896.20 | 307.59  9.022  8.985 |  898.46   56.79   6.3% |  1.004  0.998
G1S24_Y88_P25      1836.06 1826.04 | 617.76 13.097 12.374 | 1833.35   86.41   4.7% |  1.058  0.998
G1S24_Am241_P5       59.54   63.01 |  23.80  1.559  1.474 |   56.37   10.60  18.8% |  1.057  1.075
G1S24_Ba133_P5       30.97   32.88 |  12.31  1.455  1.293 |   27.84    6.77  24.3% |  1.125  1.112
G1S24_Ba133_P5      302.85  305.24 | 108.29  6.593  6.647 |  301.57   28.27   9.4% |  0.992  1.008
G1S24_Ba133_P5      356.01  358.06 | 127.17  5.625  5.835 |  356.63   31.51   8.8% |  0.964  1.003
G1S24_Bi207_P5       74.97   78.51 |  29.29  1.663  1.737 |   82.16   12.45  15.2% |  0.958  0.972
G1S24_Bi207_P5      569.70  570.49 | 199.02  6.733  6.874 |  569.84   43.26   7.6% |  0.979  1.001
G1S24_Bi207_P5     1063.66 1060.33 | 363.30  9.318  9.408 | 1058.29   63.87   6.0% |  0.990  1.001
G1S24_Bi207_P5     1770.23 1760.78 | 592.67 15.995 13.815 | 1741.44   85.51   4.9% |  1.158  1.007
G1S24_Cd109_P5       22.16   23.75 |   9.53  1.354  1.067 |   20.18    5.79  28.7% |  1.269  1.110
G1S24_Cd109_P5       88.03   91.53 |  34.19  1.625  1.724 |   90.35   13.25  14.7% |  0.943  1.008
G1S24_Co60_P5      1173.23 1168.92 | 398.72 10.891 10.972 | 1166.88   67.84   5.8% |  0.993  1.001
G1S24_Co60_P5      1332.49 1326.67 | 452.30 10.608 10.735 | 1327.13   73.21   5.5% |  0.988  1.000
G1S24_Cs137_P5       32.19   34.12 |  13.07  1.560  1.449 |   32.94    7.19  21.8% |  1.076  1.022
G1S24_Cs137_P5      661.66  661.66 | 230.77  6.682  6.725 |  658.40   47.16   7.2% |  0.993  1.003
G1S24_Eu152_P5       40.12   42.53 |  16.20  1.552  1.502 |   39.94    8.16  20.4% |  1.033  1.041
G1S24_Eu152_P5      344.28  346.41 | 123.12  5.510  5.634 |  345.06   30.91   9.0% |  0.978  1.002
G1S24_Eu152_P5      964.06  961.62 | 331.15 12.054 12.185 |  963.87   59.98   6.2% |  0.989  0.999
G1S24_Eu152_P5     1112.08 1108.33 | 376.75 11.939 12.031 | 1101.31   65.17   5.9% |  0.992  1.004
G1S24_Eu152_P5     1408.01 1401.59 | 479.20 12.115 12.087 | 1409.90   75.71   5.4% |  1.002  0.996
G1S24_Na22_P5       511.00  512.23 | 179.93  6.188  6.601 |  516.24   42.31   8.2% |  0.937  0.996
G1S24_Na22_P5      1274.54 1269.28 | 435.10 10.432 10.775 | 1255.22   71.21   5.7% |  0.968  1.006
G1S24_Th228_P5       77.11   80.65 |  30.80  1.762  1.786 |   71.58   11.71  16.4% |  0.987  1.081
G1S24_Th228_P5      238.63  241.25 |  86.97  4.068  4.160 |  233.92   23.71  10.1% |  0.978  1.020
G1S24_Th228_P5      510.77  512.00 | 181.51  8.430  8.527 |  514.47   39.50   7.7% |  0.989  0.997
G1S24_Th228_P5      583.19  583.87 | 204.20  7.130  7.100 |  582.81   42.87   7.4% |  1.004  1.001
G1S24_Th228_P5      727.33  726.87 | 253.80  9.646  9.601 |  733.17   49.83   6.8% |  1.005  0.994
G1S24_Th228_P5      860.56  859.03 | 296.97 11.111 11.003 |  864.79   55.47   6.4% |  1.010  0.996
G1S24_Th228_P5     2614.51 2597.13 | 881.08 18.571 17.827 | 2629.95  109.72   4.2% |  1.042  0.992
G1S24_Y88_P5        898.04  896.20 | 309.74  8.729  8.679 |  894.08   56.48   6.3% |  1.006  1.002
G1S24_Y88_P5       1836.06 1826.04 | 621.83 13.217 12.832 | 1841.59   88.63   4.8% |  1.030  0.994
G1S24_Zn65_P5      1115.54 1111.76 | 380.43  9.243  9.163 | 1112.92   65.40   5.9% |  1.009  0.999
