# П186: разбор/паспорт (decay_s из *_components.csv против паспорта corpus_def.py, распад к StartTime); act.py
# base = out_rev36_mini побитово; lev* = --fwhm-low=A:60:32; ff45 = --fit-floor=45; skipx = --anchor-skip=30.973,32.194,33.442,40.117,22.163
спектр                base   lev15   lev25   lev35    ff45   skipx
G1S16_Am241_P25      1.031   1.038   1.041   1.048   1.045   1.031
G1S16_Am241_P5       0.949   0.952   0.966   0.953   0.964   0.949
G1S16_Ba133_P25      0.995   0.994   0.981   0.983   1.006   0.988
G1S16_Ba133_P5       0.947   0.933   0.933   0.899   0.969   0.895
G1S16_Cd109_P25      0.446   0.438   0.442   0.449   1.069   0.407
G1S16_Cd109_P5       0.443   0.431   0.436   0.430   0.987   0.481
G1S16_Ce139_P25      0.988   1.007   1.031   1.032   1.026   0.979
G1S16_Ce139_P5       0.923   0.942   0.939   0.935   0.981   0.926
G1S16_Co57_P5        0.961   0.935   0.929   0.937   0.986   0.961
G1S16_Co60_P25       0.979   0.980   0.982   0.986   0.980   0.979
G1S16_Co60_P5        0.960   0.962   0.962   0.962   0.962   0.960
G1S16_Cs137_P25      0.989   0.991   0.996   0.996   0.992   0.988
G1S16_Cs137_P5       0.962   0.961   0.956   0.956   0.968   0.958
G1S16_Eu152_P25      0.966   0.968   0.984   0.998   0.991   0.965
G1S16_Eu152_P5       0.886   0.905   0.931   0.951   0.942   0.906
G1S16_Mn54_P25       0.979   0.975   0.975   0.978   0.980   0.979
G1S16_Mn54_P5        0.959   0.945   0.948   0.958   0.959   0.959
G1S16_Na22_P25       1.010   1.005   1.000   0.999   1.011   1.010
G1S16_Na22_P5        0.947   0.951   0.954   0.954   0.949   0.947
G1S16_Th228_P25      1.013   1.014   1.012   1.016   1.015   1.013
G1S16_Th228_P5       0.955   0.941   0.936   0.948   0.958   0.955
G1S16_Y88_P25        0.919   0.920   0.922   0.922   0.919   0.919
G1S16_Y88_P5         0.971   0.969   0.960   0.957   0.973   0.971
G1S24_Am241_P5       0.929   0.870   0.786   0.791   0.950   0.929
G1S24_Ba133_P5       0.839   0.885   0.879   0.849   0.964   0.839
G1S24_Bi207_P5       0.912   0.913   0.918   0.925   0.921   0.912
G1S24_Cd109_P5       0.212   0.219   0.214   0.204   0.949   0.187
G1S24_Co60_P5        0.926   0.926   0.928   0.929   0.926   0.926
G1S24_Cs137_P25      0.944   0.940   0.940   0.928   0.954   0.943
G1S24_Cs137_P5       0.929   0.911   0.899   0.871   0.945   0.925
G1S24_Eu152_P5       0.928   0.948   0.947   0.949   0.933   0.879
G1S24_Na22_P25       0.966   0.961   0.955   0.954   0.967   0.966
G1S24_Na22_P5        0.927   0.926   0.927   0.927   0.929   0.927
G1S24_Th228_P25      1.005   0.990   0.980   0.985   1.003   1.005
G1S24_Th228_P5       0.961   0.967   0.968   0.972   0.962   0.961
G1S24_Y88_P25        0.942   0.939   0.932   0.932   0.942   0.942
G1S24_Y88_P5         0.934   0.935   0.941   0.943   0.935   0.934
G1S24_Zn65_P5        0.944   0.952   0.948   0.945   0.945   0.944
base   медиана без Cd-109 0.955, σ 0.037
lev15  медиана без Cd-109 0.951, σ 0.036
lev25  медиана без Cd-109 0.948, σ 0.044
lev35  медиана без Cd-109 0.953, σ 0.048
ff45   медиана без Cd-109 0.964, σ 0.030
skipx  медиана без Cd-109 0.955, σ 0.038
