# S198, rev33 (cbd722fc+P171/P172): то же, плюс масштаб Kβ
spectrum              k-0.2        k0      k0.2      k0.4      k0.6      k0.8      k1.0   best
G1S16_Ba133_P5        49593     44750     31646     29733     27582     27043     28737   k0.8
G1S24_Ba133_P5       257814    234679    208705    186256    176884    161047    149430   k1.0
G1S16_Ba133_P25        3736      3476      3246      2618      2550      2455      2473   k0.8
ASN16_Cs137          202041    282139    182373    179952    306578    303878    304940   k0.4
G1S16_Cs137_P5         5346      4293      3955      3673      3457      5842      5559   k0.6
G1S24_Cs137_P5         9739      9098      8537      8209      7859      7969      7812   k1.0
G1S16_Cs137_P25         495       468       378       456       530       524       513   k0.2
G1S24_Cs137_P25        2143      1978      1865      1794      1684      1582      1488   k1.0
RC103_Cs137_0cm        1045      1085      1122      1162      1191      1238      1301   k-0.2
G1S16_Eu152_P5         4916      4173      3975      4196      4487     10736      9537   k0.2
G1S24_Eu152_P5       111688     87788     95747     82962     87244     87865     82072   k1.0
ASN16_Lu176           16095     15867     20447     23029     23006     22986     22982   k0

spectrum              s-0.3   s-0.15       s0   s0.126    s0.25     s0.4     s0.6     s0.8
AS80_Cs137_0cm        4.133    4.149    4.177    4.188    4.199    4.274    4.254    4.263
AS80_Lu176            1.962    1.963    1.963    1.955    1.947    1.945    1.945    1.945
ASN16_Cs137          13.510   13.490   13.742   13.477   13.506   13.543   13.816   13.864
ASN16_Lu176           3.783    3.777    3.770    3.823    3.883    3.895    3.894    3.893
ASN16_Lu176_P0        0.424    0.423    0.423    0.427    0.432    0.433    0.433    0.433
G1S16_Ba133_P25       2.548    2.538    2.523    2.515    2.359    2.347    2.332    2.324
G1S16_Ba133_P5       11.216   11.151   11.088   10.655   10.549   10.480   10.635   10.798
G1S16_Cs137_P5        8.127    8.140    8.100    8.103    8.087    8.050    8.042    8.160
G1S16_Eu152_P5       13.536   13.472   13.376   13.366   13.350   13.352   13.453   13.896
G1S24_Ba133_P5       18.784   18.537   18.497   18.329   18.179   17.992   17.948   17.953
G1S24_Cs137_P5       13.813   13.775   13.728   13.702   13.683   13.654   13.622   13.800
G1S24_Eu152_P5       31.446   31.265   31.534   30.920   31.097   31.177   30.716   30.570
SUM                  123.28   122.68   122.92   121.46   121.27   121.14   121.09   121.90

spectrum                 s0     a0.8     a0.9     a1.1     a1.2     a1.3     a1.4
AS80_Cs137_0cm        4.177    4.105    4.174    4.162    4.295    4.271    4.291
AS80_Lu176            1.963    1.951    1.957    1.969    1.974    1.980    1.986
ASN16_Cs137          13.742   13.670   13.696   13.737   14.005   14.274   14.539
ASN16_Lu176           3.770    3.804    3.787    3.754    3.737    3.721    3.706
ASN16_Lu176_P0        0.423    0.426    0.425    0.422    0.421    0.419    0.418
G1S16_Ba133_P25       2.523    2.511    2.514    2.535    2.547    2.566    2.518
G1S16_Ba133_P5       11.088   10.505   11.027   11.200   11.316   11.474   11.657
G1S16_Cs137_P5        8.100    8.249    8.216    8.081    8.075    8.210    8.186
G1S16_Eu152_P5       13.376   12.730   13.146   13.794   14.262   14.758   14.949
G1S24_Ba133_P5       18.497   17.890   18.309   18.631   18.986   19.216   19.518
G1S24_Cs137_P5       13.728   13.757   13.742   13.734   13.753   13.779   13.810
G1S24_Eu152_P5       31.534   30.975   31.162   31.917   31.691   32.487   33.689
SUM                  122.92   120.57   122.15   123.94   125.06   127.16   129.27
