сцена                             phys тело         Qk    пик662    q0_662  k100_662      Σ662   пик1461   q0_1461 k100_1461     Σ1461   пик2614   q0_2614 k100_2614     Σ2614
AS80_lu_front                       23 РАЗОШЛОСЬ   142     +0.10     +0.30     +1.26     +0.38     +0.15     +0.23     +0.87     +0.09     +0.02     -0.00     -0.13     -0.02
AS80_point0                         23 РАЗОШЛОСЬ   140     +0.00     +0.02     +0.04     +0.03     +0.01     +0.14     +0.23     +0.00     -0.01     -0.04     +1.35     -0.05
AS80_th_disk                        23 РАЗОШЛОСЬ   146     +0.03     +0.95     +1.38     +0.02     +0.02     +0.12     -0.87     -0.11     +0.26     -0.85     -0.45     +0.09
ASN16_lu_side                       23 РАЗОШЛОСЬ   142     +0.14     +0.32     +0.19     +0.20     +0.22     +0.04     -0.46     +0.24     +0.38     -0.18     -2.75     -0.10
ASN16_point0_house                  23 РАЗОШЛОСЬ   140     -0.01     +0.04     +0.07     -0.01     +0.01     +0.26     +0.52     +0.06     -0.03     +0.17     +0.97     -0.10
ASN16_point10_house                 23 РАЗОШЛОСЬ   140     +0.00     -0.06     -0.22     -0.05     -0.02     +0.00     +0.76     +0.04     -0.00     -0.51     -1.69     +0.17
G1S_denta100_oisn10_100_p16         23 РАЗОШЛОСЬ   142     -0.01     +0.23     +0.18     +0.04     -0.00     +0.07     +0.48     -0.02     +0.13     +0.04     -0.55     +0.23
G1S_denta100_risn379_100_p16        23 РАЗОШЛОСЬ   140     +0.01     +0.17     +0.12     +0.01     -0.04     -0.52     -0.53     -0.11     +0.06     +0.07     -0.59     -0.11
G1S_denta120_oisn06_057_p24         23 РАЗОШЛОСЬ   142     +0.01     -0.08     -0.03     -0.02     +0.00     +0.29     +0.29     +0.22     -0.07     -0.25     +0.22     -0.23
G1S_denta120_oisn06_062_p24         23 РАЗОШЛОСЬ   142     +0.01     +0.02     -0.31     +0.03     +0.05     +0.03     -0.34     +0.15     -0.01     +0.05     +0.07     -0.08
G1S_denta120_oisn06_064_p24         23 РАЗОШЛОСЬ   142     -0.01     +0.02     +0.10     +0.01     -0.01     -0.15     +0.32     -0.09     +0.10     -0.25     -1.61     +0.03
G1S_denta120_oisn06_066_p24         23 РАЗОШЛОСЬ   142     -0.00     -0.04     -0.15     +0.11     +0.06     -0.12     +0.53     -0.07     +0.05     -0.01     +1.05     +0.00
G1S_denta120_oisn16_155_p24         23 РАЗОШЛОСЬ   142     +0.02     +0.37     +0.19     +0.15     +0.05     -0.06     -0.16     +0.09     -0.02     +0.86     -0.24     +0.25
G1S_denta120_oisn16_160_p24         23 РАЗОШЛОСЬ   142     +0.04     +0.60     +0.19     +0.13     +0.14     +0.20     -0.50     -0.00     +0.08     +0.10     +0.40     +0.21
G1S_denta120_oisn16_166_p24         23 РАЗОШЛОСЬ   142     -0.03     +0.35     -0.06     +0.11     +0.01     +0.28     +0.55     -0.10     +0.01     +0.01     +0.37     +0.12
G1S_denta120_oisn16_167_p24         23 РАЗОШЛОСЬ   142     +0.02     +0.36     +0.27     +0.19     -0.03     -0.26     +0.22     +0.00     -0.11     -0.34     -1.49     -0.07
G1S_mar1l_coal_046_p24              23 РАЗОШЛОСЬ   140     -0.00     -0.09     +0.01     +0.02     +0.04     +0.16     -0.08     +0.02     +0.00     +0.01     -0.60     -0.04
G1S_mar1l_oisn06_055_p16            23 РАЗОШЛОСЬ   140     -0.00     +0.19     +0.25     -0.06     +0.02     -0.28     -0.09     +0.01     +0.06     -0.37     -1.49     -0.26
G1S_mar1l_oisn06_057_p16            23 РАЗОШЛОСЬ   140     -0.01     -0.01     +0.20     -0.06     +0.01     -0.37     +0.89     +0.10     +0.14     -0.59     -1.23     -0.25
G1S_mar1l_oisn06_057_p24            23 РАЗОШЛОСЬ   142     -0.01     +0.16     -0.23     +0.04     +0.01     +0.38     -0.08     +0.28     +0.03     -0.37     -0.91     -0.04
G1S_mar1l_oisn06_062_p16            23 РАЗОШЛОСЬ   140     +0.02     -0.01     +0.11     +0.04     +0.02     -0.53     -0.24     -0.06     -0.00     +0.27     +1.16     +0.18
G1S_mar1l_oisn06_062_p24            23 РАЗОШЛОСЬ   142     -0.01     +0.05     -0.13     +0.03     -0.03     -0.23     +0.19     -0.04     +0.06     -0.91     -2.80     -0.04
G1S_mar1l_oisn06_064_p24            23 РАЗОШЛОСЬ   142     -0.01     -0.13     -0.24     -0.05     +0.01     -0.89     -0.76     -0.26     +0.03     +0.20     -0.16     +0.22
G1S_mar1l_oisn06_066_p16            23 РАЗОШЛОСЬ   140     +0.01     -0.01     -0.51     -0.02     +0.02     +0.03     +0.22     +0.20     +0.06     -1.00     -0.30     -0.40
G1S_mar1l_oisn06_066_p24            23 РАЗОШЛОСЬ   142     +0.00     -0.07     -0.15     -0.08     -0.01     -0.41     -1.51     +0.09     -0.08     -0.25     +1.30     +0.24
G1S_mar1l_oisn16_155_p16            23 РАЗОШЛОСЬ   142     +0.04     +0.55     +0.42     +0.24     -0.01     +0.54     +0.74     +0.23     -0.25     +0.40     +0.04     +0.46
G1S_mar1l_oisn16_155_p24            23 РАЗОШЛОСЬ   142     -0.01     +0.14     +0.01     +0.23     +0.08     -0.05     +0.29     -0.16     -0.03     -0.06     -0.06     -0.16
G1S_mar1l_oisn16_160_p16            23 РАЗОШЛОСЬ   142     +0.05     +0.04     -0.01     +0.12     +0.03     +0.21     -0.44     +0.17     +0.15     -0.53     -1.35     +0.02
G1S_mar1l_oisn16_160_p24            23 РАЗОШЛОСЬ   142     +0.03     +0.42     -0.24     +0.12     +0.02     +0.05     -1.12     +0.14     +0.10     +1.10     +0.57     +0.27
G1S_mar1l_oisn16_166_p16            23 РАЗОШЛОСЬ   142     +0.01     +0.63     +0.34     +0.07     -0.02     +0.34     +1.28     +0.18     +0.01     -0.49     +0.64     -0.07
G1S_mar1l_oisn16_166_p24            23 РАЗОШЛОСЬ   142     -0.03     +0.90     +0.72     +0.07     -0.02     +0.12     +0.67     +0.09     +0.12     +0.93     -1.05     +0.26
G1S_mar1l_oisn16_167_p16            23 РАЗОШЛОСЬ   142     +0.04     -0.08     -0.15     +0.01     -0.00     +0.49     +1.11     +0.26     -0.02     +0.93     +0.54     +0.26
G1S_mar1l_oisn16_167_p24            23 РАЗОШЛОСЬ   142     +0.01     +0.43     +0.28     -0.00     -0.04     -0.29     -0.40     -0.16     +0.10     +0.17     +2.66     +0.24
G1S_mar1l_risn379_100_p16           23 РАЗОШЛОСЬ   140     +0.02     +0.28     +0.05     +0.04     +0.01     +0.10     +0.00     -0.05     -0.01     +0.29     -0.52     -0.02
G1S_petri60_oisn06_057_p24          23 РАЗОШЛОСЬ   142     -0.00     -0.15     -0.15     -0.04     +0.02     +0.04     +0.52     +0.02     +0.08     -0.32     -0.73     +0.02
G1S_petri60_oisn06_062_p24          23 РАЗОШЛОСЬ   142     -0.00     +0.27     +0.43     +0.02     -0.00     +0.29     +0.57     -0.02     -0.02     -0.17     -0.81     -0.02
G1S_petri60_oisn06_064_p24          23 РАЗОШЛОСЬ   142     -0.00     -0.26     -0.44     -0.02     +0.07     +0.17     +0.03     +0.08     +0.05     +0.51     +0.68     +0.14
G1S_petri60_oisn06_067_p24          23 РАЗОШЛОСЬ   142     -0.01     -0.11     -0.15     +0.01     +0.03     +0.22     +0.26     +0.09     -0.11     -0.31     +0.03     -0.10
G1S_petri60_oisn10_100_p16          23 РАЗОШЛОСЬ   142     +0.01     +0.31     +0.37     +0.11     -0.00     -0.04     -0.21     +0.06     +0.03     -0.36     -1.41     -0.08
G1S_petri60_oisn16_155_p24          23 РАЗОШЛОСЬ   142     +0.02     +0.30     +0.56     +0.08     -0.04     -0.20     -0.56     -0.07     +0.10     +0.04     +0.78     -0.16
G1S_petri60_oisn16_160_p24          23 РАЗОШЛОСЬ   142     +0.05     +0.09     +0.00     +0.12     -0.02     +0.15     -0.28     +0.06     -0.07     +0.28     +0.76     +0.24
G1S_petri60_oisn16_167_p24          23 РАЗОШЛОСЬ   142     +0.01     -0.24     -0.15     +0.02     +0.02     -0.01     -0.50     +0.14     +0.17     +0.04     -0.61     -0.03
G1S_petri60_risn379_100_p16         23 РАЗОШЛОСЬ   140     -0.01     +0.06     +0.02     -0.06     +0.02     -0.17     +0.04     -0.19     +0.09     +0.13     +0.15     -0.21
G1S_point25                         23 РАЗОШЛОСЬ   140     -0.01     -0.16     -0.07     -0.03     +0.01     +0.00     +0.18     +0.04     +0.01     -0.46     -3.21     -0.01
G1S_point5                          23 РАЗОШЛОСЬ   140     +0.00     +0.01     -0.01     -0.01     +0.01     +0.01     +0.00     +0.05     +0.02     -0.10     +1.50     -0.15
RC103_lu_front                      23 РАЗОШЛОСЬ   142     -0.03     -1.26     -0.15     -0.31     +0.83     +0.72     +0.93     +0.19     -1.01     +1.01     +0.70     -0.62
RC103_marinelli05_kcl               23 РАЗОШЛОСЬ   140     -0.01     -0.95     -1.65     +0.75     -0.07     -0.16     -1.39     +0.32     +0.15     -2.88     -0.73     -1.06
RC103_point0                        23 РАЗОШЛОСЬ   140     +0.00     +0.12     +0.13     +0.05     +0.02     -0.02     +0.10     -0.05     -0.06     -0.30     -0.57     -0.18
RC103_point50                       23 РАЗОШЛОСЬ   140     +0.00     +0.00     -0.00     -0.05     -0.03     -0.46     -0.43     -0.18     -0.19     +0.25     -2.53     -0.05
сцен 49, принято (phys=23, тело разошлось, блок Q_k полон) 49
сводка B/A−1, % по 49 сценам (медиана / мин / макс):
  пик662       +0.00 /   -0.03 /   +0.14
  q0_662       +0.05 /   -1.26 /   +0.95
  k100_662     +0.01 /   -1.65 /   +1.38
  Σ662         +0.03 /   -0.31 /   +0.75
  пик1461      +0.01 /   -0.07 /   +0.83
  q0_1461      +0.03 /   -0.89 /   +0.72
  k100_1461    +0.04 /   -1.51 /   +1.28
  Σ1461        +0.04 /   -0.26 /   +0.32
  пик2614      +0.02 /   -1.01 /   +0.38
  q0_2614      -0.01 /   -2.88 /   +1.10
  k100_2614    -0.24 /   -3.21 /   +2.66
  Σ2614        -0.03 /   -1.06 /   +0.46
