# узел: прежняя таблица (П17/П18) | плечо t П174 | П179 (новая); прочерк — узла не было
## NaI:Tl
     10.0  1.0519  1.0449  1.0450
     20.0  1.1074  1.0820  1.0820
     30.0  1.0891  1.0705  1.0705
     31.0     —       —    1.0691
     32.0  1.0851  1.0677  1.0677
     33.0  1.0829  1.0663  1.0664
     33.1     —       —    1.0662
     33.2     —       —    1.0594
     33.3     —       —    1.0569
     33.4     —       —    1.0547
     33.5     —       —    1.0527
     33.7     —       —    1.0498
     34.0  1.0635  1.0481  1.0481
     34.5     —       —    1.0490
     35.0  1.0661  1.0514  1.0514
     35.5     —       —    1.0538
     36.0  1.0703  1.0561  1.0561
     36.5     —       —    1.0581
     37.0     —       —    1.0599
     37.5     —       —    1.0615
     38.0     —       —    1.0630
     39.0     —       —    1.0655
     40.0  1.0797  1.0674  1.0674
     45.0     —       —    1.0721
     50.0  1.0804  1.0720  1.0720
     60.0  1.0723  1.0662  1.0662
     81.0  1.0546  1.0515  1.0515
    100.0  1.0436  1.0415  1.0415
    122.0  1.0351  1.0337  1.0337
    200.0  1.0215  1.0209  1.0209
    356.0  1.0136  1.0134  1.0134
  661.657  1.0076  1.0076  1.0076
   1000.0  1.0048  1.0049  1.0049
   1173.0  1.0039  1.0040  1.0040
   1332.0  1.0032  1.0033  1.0033
   1408.0  1.0030  1.0031  1.0031
   2614.0  1.0009  1.0010  1.0010
## CsI:Tl
     10.0  1.0054  1.0024  1.0024
     20.0  1.0974  1.0690  1.0690
     30.0  1.0903  1.0696  1.0696
     32.0  1.0875  1.0682  1.0682
     33.0  1.0857  1.0674  1.0674
     33.1     —       —    1.0673
     33.2     —       —    1.0566
     33.3     —       —    1.0546
     33.5     —       —    1.0511
     33.7     —       —    1.0487
     34.0  1.0649  1.0469  1.0470
     34.5     —       —    1.0472
     35.0  1.0654  1.0485  1.0485
     35.5     —       —    1.0500
     35.9     —       —    1.0510
     36.0  1.0686  1.0508     —  
     36.1     —       —    1.0498
     36.3     —       —    1.0481
     36.6     —       —    1.0466
     37.0  1.0616  1.0465  1.0465
     37.5     —       —    1.0477
     38.0  1.0647  1.0492  1.0492
     39.0     —       —    1.0521
     40.0  1.0688  1.0546  1.0546
     50.0  1.0762  1.0665  1.0665
     60.0  1.0727  1.0657  1.0657
     81.0  1.0588  1.0547  1.0547
    100.0  1.0478  1.0451  1.0451
    122.0  1.0386  1.0368  1.0368
    200.0  1.0227  1.0220  1.0220
    356.0  1.0131  1.0129  1.0129
  661.657  1.0067  1.0067  1.0067
   1000.0  1.0041  1.0041  1.0041
   1332.5  1.0029  1.0029  1.0029
