Z=30: нет K-M (fk) или K-N (nucdb) — не меняется
Z=31: нет K-M (fk) или K-N (nucdb) — не меняется
Z=32: нет K-M (fk) или K-N (nucdb) — не меняется
Z=33: нет K-M (fk) или K-N (nucdb) — не меняется
Z=98: нет K-M (fk) или K-N (nucdb) — не меняется
Z=99: нет K-M (fk) или K-N (nucdb) — не меняется
Z=100: нет K-M (fk) или K-N (nucdb) — не меняется
Z   kb_old   kb_new   Δ,кэВ   E_KM    E_KN    w_KM    w_Kb
 34   12.571   12.504  -0.067  12.496  12.652 0.1331 0.1399
 35   13.377   13.303  -0.074  13.290  13.469 0.1340 0.1441
 36   14.209   14.128  -0.081  14.110  14.313 0.1350 0.1480
 37   15.070   14.982  -0.088  14.959  15.187 0.1359 0.1517
 38   15.955   15.862  -0.093  15.833  16.085 0.1368 0.1550
 39   16.880   16.772  -0.108  16.736  17.011 0.1378 0.1581
 40   17.824   17.707  -0.117  17.665  17.968 0.1387 0.1609
 41   18.795   18.669  -0.126  18.621  18.951 0.1396 0.1634
 42   19.794   19.656  -0.138  19.601  19.963 0.1405 0.1657
 43   20.820   20.678  -0.142  20.617  21.003 0.1414 0.1678
 44   21.875   21.718  -0.157  21.650  22.072 0.1423 0.1698
 45   22.957   22.792  -0.165  22.717  23.170 0.1432 0.1716
 46   24.070   23.892  -0.178  23.810  24.297 0.1441 0.1735
 47   25.211   25.022  -0.189  24.932  25.454 0.1450 0.1753
 48   26.381   26.181  -0.200  26.083  26.641 0.1460 0.1770
 49   27.581   27.370  -0.211  27.264  27.858 0.1469 0.1788
 50   28.810   28.589  -0.221  28.473  29.107 0.1477 0.1807
 51   30.069   29.837  -0.232  29.711  30.387 0.1485 0.1827
 52   31.359   31.116  -0.243  30.978  31.698 0.1494 0.1847
 53   32.680   32.426  -0.254  32.277  33.040 0.1502 0.1867
 54   34.030   33.764  -0.266  33.602  34.414 0.1511 0.1888
 55   35.414   35.136  -0.278  34.961  35.818 0.1519 0.1908
 56   36.827   36.542  -0.285  36.356  37.255 0.1527 0.1927
 57   38.273   37.973  -0.300  37.772  38.725 0.1535 0.1946
 58   39.753   39.443  -0.310  39.229  40.229 0.1544 0.1963
 59   41.266   40.946  -0.320  40.720  41.766 0.1552 0.1980
 60   42.810   42.478  -0.332  42.239  43.335 0.1560 0.1995
 61   44.387   44.043  -0.344  43.791  44.938 0.1568 0.2008
 62   45.998   45.640  -0.358  45.376  46.575 0.1576 0.2021
 63   47.645   47.272  -0.373  46.996  48.248 0.1584 0.2032
 64   49.326   48.946  -0.380  48.650  49.957 0.1579 0.2042
 65   51.040   50.633  -0.407  50.336  51.699 0.1604 0.2052
 66   52.791   52.358  -0.433  52.061  53.478 0.1627 0.2060
 67   54.577   54.118  -0.459  53.820  55.293 0.1649 0.2068
 68   56.399   55.914  -0.485  55.613  57.145 0.1668 0.2075
 69   58.257   57.744  -0.513  57.441  59.034 0.1686 0.2082
 70   60.151   59.617  -0.534  59.312  60.961 0.1703 0.2089
 71   62.084   61.523  -0.561  61.214  62.927 0.1718 0.2095
 72   64.057   63.475  -0.582  63.163  64.935 0.1731 0.2101
 73   66.067   65.454  -0.613  65.135  66.981 0.1744 0.2107
 74   68.117   67.477  -0.640  67.151  69.068 0.1755 0.2114
 75   70.206   69.542  -0.664  69.210  71.195 0.1765 0.2120
 76   72.338   71.654  -0.684  71.308  73.364 0.1774 0.2132
 77   74.510   73.802  -0.708  73.447  75.576 0.1782 0.2138
 78   76.725   75.994  -0.731  75.629  77.832 0.1789 0.2145
 79   78.983   78.230  -0.753  77.854  80.133 0.1796 0.2151
 80   81.285   80.512  -0.773  80.118  82.477 0.1801 0.2163
 81   83.631   82.835  -0.796  82.427  84.866 0.1806 0.2169
 82   86.022   85.212  -0.810  84.784  87.301 0.1811 0.2181
 83   88.458   87.627  -0.831  87.184  89.784 0.1815 0.2188
 84   90.941   90.094  -0.847  89.627  92.315 0.1818 0.2200
 85   93.473   92.610  -0.863  92.119  94.897 0.1821 0.2212
 86   96.054   95.176  -0.878  94.668  97.530 0.1824 0.2218
 87   98.682   97.795  -0.887  97.262 100.209 0.1826 0.2230
 88  101.370  100.468  -0.902  99.907 102.948 0.1828 0.2242
 89  104.107  103.195  -0.912 102.607 105.738 0.1831 0.2254
 90  106.894  105.978  -0.916 105.354 108.580 0.1833 0.2272
 91  109.740  108.815  -0.925 108.162 111.482 0.1835 0.2284
 92  112.645  111.706  -0.939 111.021 114.446 0.1837 0.2296
 93  115.608  114.660  -0.948 113.935 117.470 0.1839 0.2314
 94  118.619  117.667  -0.952 116.911 120.544 0.1841 0.2325
 95  121.688  120.742  -0.946 119.948 123.677 0.1844 0.2343
 96  124.855  123.890  -0.965 123.048 126.917 0.1847 0.2361
 97  128.067  127.082  -0.985 126.204 130.195 0.1850 0.2372
