== RC103_Cs137_0cm: зазор 0 -> 3.5 мм, узлов 38 -> 38
  E, кэВ             до          после после/до
    30.0    1.93652e-01    9.90967e-02    0.512
    60.0    2.46811e-01    1.16039e-01    0.470
   100.0    2.51363e-01    1.11252e-01    0.443
   186.0    1.47146e-01    6.35712e-02    0.432
   300.0    6.10700e-02    2.71785e-02    0.445
   352.0    4.37032e-02    1.94827e-02    0.446
   662.0    1.25832e-02    5.31656e-03    0.423
  1000.0    5.81054e-03    2.38742e-03    0.411
  1461.0    3.09879e-03    1.33401e-03    0.430
  2615.0    1.03612e-03    4.55888e-04    0.440
== RC103_Lu176: зазор 0 -> 3.5 мм, узлов 39 -> 39
  E, кэВ             до          после после/до
    30.0    7.03126e-04    5.89356e-04    0.838
    60.0    5.75263e-03    4.38358e-03    0.762
   100.0    4.59744e-03    3.63811e-03    0.791
   186.0    9.73546e-03    7.34563e-03    0.755
   300.0    5.96316e-03    4.41622e-03    0.741
   352.0    4.65015e-03    3.46086e-03    0.744
   662.0    1.33482e-03    1.06063e-03    0.795
  1000.0    7.48204e-04    5.03775e-04    0.673
  1461.0    3.54240e-04    2.82630e-04    0.798
  2615.0    1.29947e-04    1.08944e-04    0.838
