Nuclide ; Am-241 
Element ; Americium
Z ; 95
Daughter(s) ; (alpha) ; Np-237 ; 100
Qalpha ; 5637.82
Possible parent(s) ; (B-) ; Pu-241 ; 99.99756
Half-life (a) ; 432.6 ; 0.6
Half-life (s) ; 13.652E9 ; 0.019E9
Decay constant (1/s) ; 50.77E-12 ; 0.07E-12
Specific activity (Bq/g) ; 126.88E9 ; 0.18E9
Reference ; KRI - 2009
Emissions (211 lines) sorted by increasing energy
----------------------------------------------------------------------------------------------------------
Energy (keV) ; Ener. unc. (keV) ; Intensity (%) ; Int. unc. (%) ; Type ; Origin ; Lvl. start ; Lvl. end
11.89 ;  ; 0.844 ; 0.009 ; XLl ; Np-237 ;  ; 
13.852 ;  ; 13.02 ; 0.10 ; XLa ; Np-237 ;  ; 
15.876 ;  ; 0.384 ; 0.020 ; XLh ; Np-237 ;  ; 
16.96 ;  ; 18.58 ; 0.13 ; XLb ; Np-237 ;  ; 
21.16 ;  ; 4.83 ; 0.03 ; XLg ; Np-237 ;  ; 
26.3446 ; 0.0002 ; 2.31 ; 0.08 ; g ; Np-237 ; 2 ; 1
32.183 ;  ; 0.0174 ; 0.0004 ; g ; Np-237 ; -1 ; 1
33.1963 ; 0.0003 ; 0.1215 ; 0.0028 ; g ; Np-237 ; 1 ; 0
42.704 ; 0.005 ; 0.0055 ; 0.0011 ; g ; Np-237 ; 3 ; 1
43.420 ; 0.003 ; 0.0669 ; 0.0029 ; g ; Np-237 ; 4 ; 2
51.01 ; 0.03 ; 0.000026 ; 0.000012 ; g ; Np-237 ; 14 ; 10
55.56 ; 0.02 ; 0.0181 ; 0.0018 ; g ; Np-237 ; 6 ; 4
57.85 ; 0.05 ; 0.0052 ; 0.0015 ; g ; Np-237 ; -1 ; 2
59.5409 ; 0.0001 ; 35.92 ; 0.17 ; g ; Np-237 ; 2 ; 0
64.83 ; 0.02 ; 0.00014 ; 0.00002 ; g ; Np-237 ; 14 ; 9
67.50 ; 0.02 ; 0.00042 ; 0.00010 ; g ; Np-237 ; 8 ; 6
69.76 ; 0.03 ; 0.0029 ; 0.0004 ; g ; Np-237 ; 4 ; 1
75.90 ; 0.01 ; 0.0006 ;  ; g ; Np-237 ; 3 ; 0
96.79 ; 0.03 ; 0.000047 ; 0.000016 ; g ; Np-237 ; 5 ; 1
97.069 ;  ; 0.001134 ; 0.000030 ; XKa2 ; Np-237 ;  ; 
98.97 ; 0.02 ; 0.0203 ; 0.0004 ; g ; Np-237 ; 6 ; 2
101.059 ;  ; 0.00181 ; 0.00005 ; XKa1 ; Np-237 ;  ; 
102.98 ; 0.02 ; 0.0195 ; 0.0004 ; g ; Np-237 ; 4 ; 0
106.42 ; 0.05 ; 0.000015 ;  ; g ; Np-237 ; -1 ; 3
109.70 ; 0.07 ; 0.0000049 ;  ; g ; Np-237 ; 20 ; 13
114.1497 ;  ; 0.000658 ; 0.000021 ; XK'b1 ; Np-237 ;  ; 
117.9227 ;  ; 0.000226 ; 0.000008 ; XK'b2 ; Np-237 ;  ; 
120.36 ; 0.08 ; 0.0000045 ;  ; g ; Np-237 ; 21 ; 13
123.05 ; 0.01 ; 0.00100 ; 0.00004 ; g ; Np-237 ; 8 ; 4
125.30 ; 0.02 ; 0.0041 ; 0.0002 ; g ; Np-237 ; 6 ; 1
139.44 ; 0.08 ; 0.0000053 ; 0.0000011 ; g ; Np-237 ; 29 ; 22
146.55 ; 0.03 ; 0.00046 ; 0.00001 ; g ; Np-237 ; 11 ; 6
150.04 ; 0.03 ; 0.000073 ; 0.000005 ; g ; Np-237 ; 8 ; 3
154.27 ; 0.20 ; 0.0000005 ;  ; g ; Np-237 ; 26 ; 15
159.26 ; 0.20 ; 0.0000014 ; 0.0000005 ; g ; Np-237 ; 29 ; 20
161.54 ; 0.10 ; 0.0000015 ;  ; g ; Np-237 ; 24 ; 13
164.61 ; 0.02 ; 0.000066 ; 0.000003 ; g ; Np-237 ; 9 ; 4
165.81 ; 0.06 ; 0.000023 ; 0.000001 ; g ; Np-237 ; 13 ; 6
169.56 ; 0.03 ; 0.00017 ; 0.00001 ; g ; Np-237 ; 18 ; 8
175.07 ; 0.04 ; 0.000018 ; 0.000003 ; g ; Np-237 ; 11 ; 5
190.4 ;  ; 0.0000022 ; 0.0000005 ; g ; Np-237 ; -1 ; 7
191.96 ; 0.04 ; 0.0000215 ; 0.0000010 ; g ; Np-237 ; 25 ; 11
196.76 ; 0.08 ; 0.00000049 ;  ; g ; Np-237 ; 29 ; 18
201.70 ; 0.14 ; 0.0000008 ;  ; g ; Np-237 ; -1 ; 8
204.06 ; 0.06 ; 0.00000206 ; 0.00000006 ; g ; Np-237 ; 18 ; 7
208.005 ; 0.023 ; 0.000786 ; 0.000009 ; g ; Np-237 ; 9 ; 2
221.46 ; 0.03 ; 0.0000434 ; 0.0000008 ; g ; Np-237 ; 13 ; 4
232.81 ; 0.05 ; 0.00000482 ; 0.00000009 ; g ; Np-237 ; 26 ; 10
234.40 ; 0.04 ; 0.00000087 ; 0.00000008 ; g ; Np-237 ; 9 ; 1
246.73 ; 0.10 ; 0.00000244 ; 0.00000007 ; g ; Np-237 ; 26 ; 9
248.52 ; 0.03 ; 0.00000146 ; 0.00000003 ; g ; Np-237 ; 13 ; 3
261.00 ; 0.07 ; 0.00000129 ; 0.00000006 ; g ; Np-237 ; 22 ; 7
264.88 ; 0.03 ; 0.00000943 ; 0.00000012 ; g ; Np-237 ; 13 ; 2
267.54 ; 0.04 ; 0.0000268 ; 0.0000006 ; g ; Np-237 ; 9 ; 0
270.63 ; 0.15 ; 0.0000005 ; 0.0000002 ; g ; Np-237 ; -1 ; 9
271.54 ;  ; 0.00000144 ; 0.00000005 ; g ; Np-237 ; -1 ; 10
275.77 ; 0.08 ; 0.00000632 ; 0.00000010 ; g ; Np-237 ; 20 ; 6
278.04 ; 0.15 ; 0.00000115 ; 0.00000003 ; g ; Np-237 ; 27 ; 9
291.3 ; 0.2 ; 0.00000305 ; 0.00000008 ; g ; Np-237 ; 13 ; 1
292.77 ; 0.06 ; 0.0000142 ; 0.0000003 ; g ; Np-237 ; 16 ; 3
304.21 ; 0.20 ; 0.00000093 ; 0.00000002 ; g ; Np-237 ; 20 ; 5
309.1 ; 0.3 ; 0.0000020 ; 0.0000003 ; g ; Np-237 ; 16 ; 2
322.56 ; 0.03 ; 0.000151 ; 0.000004 ; g ; Np-237 ; 22 ; 5
324.69 ;  ; 0.0000018 ; 0.0000003 ; g ; Np-237 ; -1 ; 11
329.69 ;  ; 0.0000011 ; 0.0000002 ; g ; Np-237 ; -1 ; 12
332.35 ; 0.03 ; 0.000150 ; 0.000004 ; g ; Np-237 ; 14 ; 0
335.37 ; 0.03 ; 0.000496 ; 0.000007 ; g ; Np-237 ; 16 ; 1
337.7 ; 0.2 ; 0.00000488 ; 0.00000009 ; g ; Np-237 ; 17 ; 1
350.71 ;  ; 0.00000139 ; 0.00000005 ; g ; Np-237 ; -1 ; 13
358.25 ; 0.20 ; 0.00000129 ; 0.00000005 ; g ; Np-237 ; 20 ; 3
368.62 ; 0.03 ; 0.000214 ; 0.000005 ; g ; Np-237 ; 16 ; 0
370.94 ; 0.03 ; 0.0000520 ; 0.0000008 ; g ; Np-237 ; 17 ; 0
374.83 ;  ; 0.00000313 ; 0.00000006 ; g ; Np-237 ; -1 ; 14
376.65 ; 0.03 ; 0.000137 ; 0.000003 ; g ; Np-237 ; 22 ; 3
383.81 ; 0.03 ; 0.0000281 ; 0.0000006 ; g ; Np-237 ; 23 ; 3
389.0 ; 0.3 ; 0.00000049 ;  ; g ; Np-237 ; -1 ; 15
390.61 ; 0.05 ; 0.00000573 ; 0.00000010 ; g ; Np-237 ; -1 ; 16
400.78 ; 0.10 ; 0.00000014 ; 0.00000003 ; g ; Np-237 ; 29 ; 7
406.35 ; 0.15 ; 0.00000137 ; 0.00000005 ; g ; Np-237 ; 30 ; 7
411.27 ;  ; 0.00000018 ; 0.00000004 ; g ; Np-237 ; -1 ; 17
419.33 ; 0.04 ; 0.0000284 ; 0.0000004 ; g ; Np-237 ; 22 ; 1
426.47 ; 0.04 ; 0.000031 ; 0.000006 ; g ; Np-237 ; 23 ; 1
429.9 ; 0.1 ; 0.00000109 ; 0.00000005 ; g ; Np-237 ; -1 ; 18
440.63 ;  ; 0.00000056 ; 0.00000003 ; g ; Np-237 ; -1 ; 19
442.81 ; 0.07 ; 0.00000331 ; 0.00000008 ; g ; Np-237 ; -1 ; 20
446.15 ; 0.06 ; 0.00000011 ; 0.00000002 ; g ; Np-237 ; 35 ; 13
452.6 ; 0.2 ; 0.00000236 ; 0.00000007 ; g ; Np-237 ; 22 ; 0
454.66 ; 0.08 ; 0.00000953 ; 0.00000012 ; g ; Np-237 ; 26 ; 2
459.68 ; 0.10 ; 0.00000355 ; 0.00000007 ; g ; Np-237 ; 23 ; 0
462.34 ; 0.08 ; 0.000001 ;  ; g ; Np-237 ; 29 ; 5
468.12 ; 0.15 ; 0.00000269 ; 0.00000006 ; g ; Np-237 ; 30 ; 5
486.05 ;  ; 0.00000105 ; 0.00000006 ; g ; Np-237 ; -1 ; 21
487.13 ; 0.04 ; 0.00000062 ; 0.00000005 ; g ; Np-237 ; 28 ; 4
494.39 ;  ; 0.00000010 ; 0.00000002 ; g ; Np-237 ; -1 ; 22
501.39 ;  ; 0.00000014 ; 0.00000002 ; g ; Np-237 ; -1 ; 23
512.5 ; 0.3 ; 0.0000021 ; 0.0000004 ; g ; Np-237 ; 27 ; 1
514.0 ; 0.5 ; 0.0000038 ; 0.0000002 ; g ; Np-237 ; 26 ; 0
522.06 ; 0.15 ; 0.00000099 ; 0.00000005 ; g ; Np-237 ; 30 ; 3
525.14 ;  ; 0.00000016 ; 0.00000003 ; g ; Np-237 ; -1 ; 24
529.17 ; 0.20 ; 0.00000069 ; 0.00000005 ; g ; Np-237 ; 38 ; 13
532.44 ;  ; 0.00000008 ; 0.00000002 ; g ; Np-237 ; -1 ; 25
546.12 ; 0.06 ; 0.00000025 ; 0.00000003 ; g ; Np-237 ; 27 ; 0
548.15 ;  ; 0.00000005 ; 0.00000002 ; g ; Np-237 ; -1 ; 26
555.25 ;  ; 0.00000009 ; 0.00000002 ; g ; Np-237 ; -1 ; 27
563.46 ; 0.02 ; 0.00000044 ; 0.00000002 ; g ; Np-237 ; 33 ; 6
573.94 ; 0.20 ; 0.00000128 ; 0.00000005 ; g ; Np-237 ; 36 ; 8
582.89 ;  ; 0.00000101 ; 0.00000006 ; g ; Np-237 ; -1 ; 28
586.59 ; 0.20 ; 0.00000124 ; 0.00000005 ; g ; Np-237 ; 31 ; 2
590.09 ; 0.04 ; 0.00000280 ; 0.00000006 ; g ; Np-237 ; 28 ; 0
597.19 ; 0.02 ; 0.00000729 ; 0.00000011 ; g ; Np-237 ; 34 ; 6
600.26 ;  ; 0.00000022 ; 0.00000003 ; g ; Np-237 ; -1 ; 29
619.01 ; 0.02 ; 0.000060 ; 0.000002 ; g ; Np-237 ; 33 ; 4
627.18 ; 0.20 ; 0.00000051 ; 0.00000002 ; g ; Np-237 ; 38 ; 8
632.93 ; 0.15 ; 0.00000124 ; 0.00000005 ; g ; Np-237 ; 32 ; 1
636.9 ;  ; 0.00000021 ; 0.00000003 ; g ; Np-237 ; -1 ; 30
641.32 ; 0.04 ; 0.00000704 ; 0.00000010 ; g ; Np-237 ; 36 ; 6
652.73 ; 0.02 ; 0.0000376 ; 0.0000009 ; g ; Np-237 ; 34 ; 4
662.40 ; 0.02 ; 0.000367 ; 0.000006 ; g ; Np-237 ; 33 ; 2
666.2 ; 0.2 ; 0.00000095 ; 0.00000007 ; g ; Np-237 ; 32 ; 0
669.83 ; 0.02 ; 0.00000051 ; 0.00000007 ; g ; Np-237 ; 36 ; 5
675.78 ; 0.13 ; 0.00000085 ; 0.00000005 ; g ; Np-237 ; 37 ; 5
679.79 ; 0.02 ; 0.00000331 ; 0.00000008 ; g ; Np-237 ; 34 ; 3
688.72 ; 0.04 ; 0.0000323 ; 0.0000006 ; g ; Np-237 ; 33 ; 1
693.46 ;  ; 0.00000354 ; 0.00000008 ; g ; Np-237 ; -1 ; 31
696.14 ; 0.02 ; 0.00000517 ; 0.00000008 ; g ; Np-237 ; 34 ; 2
709.42 ; 0.05 ; 0.00000641 ; 0.00000019 ; g ; Np-237 ; -1 ; 32
712.5 ;  ; 0.00000020 ; 0.00000003 ; g ; Np-237 ; -1 ; 33
721.96 ; 0.02 ; 0.000196 ; 0.000005 ; g ; Np-237 ; 33 ; 0
729.72 ; 0.15 ; 0.00000137 ; 0.00000005 ; g ; Np-237 ; 37 ; 3
731.44 ;  ; 0.00000046 ; 0.00000004 ; g ; Np-237 ; -1 ; 34
736.68 ;  ; 0.00000128 ; 0.00000005 ; g ; Np-237 ; -1 ; 35
737.34 ; 0.05 ; 0.00000794 ; 0.00000011 ; g ; Np-237 ; 35 ; 1
740.51 ;  ; 0.00000019 ; 0.00000003 ; g ; Np-237 ; -1 ; 36
742.9 ; 0.3 ; 0.00000035 ;  ; g ; Np-237 ; -1 ; 37
745.02 ;  ; 0.00000009 ; 0.00000002 ; g ; Np-237 ; -1 ; 38
750.39 ;  ; 0.00000006 ; 0.00000002 ; g ; Np-237 ; -1 ; 39
755.68 ; 0.02 ; 0.00000784 ; 0.00000011 ; g ; Np-237 ; 34 ; 0
759.5 ; 0.1 ; 0.00000181 ; 0.00000005 ; g ; Np-237 ; -1 ; 40
763.31 ;  ; 0.00000023 ; 0.00000002 ; g ; Np-237 ; -1 ; 41
766.62 ; 0.04 ; 0.00000501 ; 0.00000006 ; g ; Np-237 ; 36 ; 1
770.57 ; 0.10 ; 0.00000481 ; 0.00000007 ; g ; Np-237 ; 35 ; 0
772.57 ; 0.12 ; 0.00000279 ; 0.00000004 ; g ; Np-237 ; 37 ; 1
774.67 ;  ; 0.00000011 ; 0.00000002 ; g ; Np-237 ; -1 ; 42
777.39 ;  ; 0.00000015 ; 0.00000002 ; g ; Np-237 ; -1 ; 43
780.53 ;  ; 0.00000031 ; 0.00000002 ; g ; Np-237 ; -1 ; 44
782.2 ; 0.5 ; 0.00000015 ;  ; g ; Np-237 ; -1 ; 45
786.00 ; 0.15 ; 0.00000062 ;  ; g ; Np-237 ; 39 ; 3
789.0 ; 0.3 ; 0.00000042 ; 0.00000006 ; g ; Np-237 ; -1 ; 46
792.6 ;  ; 0.00000003 ; 0.00000001 ; g ; Np-237 ; -1 ; 47
794.92 ; 0.20 ; 0.00000094 ;  ; g ; Np-237 ; -1 ; 48
801.94 ; 0.20 ; 0.00000123 ; 0.00000007 ; g ; Np-237 ; 39 ; 2
803.19 ;  ; 0.00000016 ; 0.00000003 ; g ; Np-237 ; -1 ; 49
805.77 ; 0.12 ; 0.00000031 ;  ; g ; Np-237 ; 37 ; 0
811.9 ; 0.3 ; 0.00000063 ; 0.00000006 ; g ; Np-237 ; -1 ; 50
819.33 ;  ; 0.00000043 ; 0.00000006 ; g ; Np-237 ; -1 ; 51
822.21 ;  ; 0.00000024 ; 0.00000006 ; g ; Np-237 ; -1 ; 52
828.60 ; 0.12 ; 0.00000021 ; 0.00000004 ; g ; Np-237 ; 39 ; 1
835.21 ;  ; 0.00000003 ; 0.00000001 ; g ; Np-237 ; -1 ; 53
838.88 ;  ; 0.00000004 ; 0.00000001 ; g ; Np-237 ; -1 ; 54
841.14 ;  ; 0.00000010 ; 0.00000003 ; g ; Np-237 ; -1 ; 55
843.7 ;  ; 0.00000097 ; 0.00000008 ; g ; Np-237 ; -1 ; 56
846.86 ;  ; 0.00000016 ; 0.00000003 ; g ; Np-237 ; -1 ; 57
847.4 ; 0.5 ; 0.00000027 ; 0.00000003 ; g ; Np-237 ; -1 ; 58
851.6 ; 1.0 ; 0.00000041 ; 0.00000006 ; g ; Np-237 ; -1 ; 59
854.95 ;  ; 0.00000023 ; 0.00000004 ; g ; Np-237 ; -1 ; 60
856.26 ;  ; 0.00000010 ; 0.00000003 ; g ; Np-237 ; -1 ; 61
861.34 ; 0.20 ; 0.00000008 ; 0.00000003 ; g ; Np-237 ; 40 ; 2
861.80 ; 0.12 ; 0.00000061 ; 0.00000006 ; g ; Np-237 ; 39 ; 0
870.63 ;  ; 0.00000150 ; 0.00000004 ; g ; Np-237 ; -1 ; 62
882 ;  ; 0.00000004 ; 0.00000001 ; g ; Np-237 ; -1 ; 63
886.53 ;  ; 0.00000015 ; 0.00000003 ; g ; Np-237 ; -1 ; 64
887.68 ; 0.20 ; 0.00000033 ; 0.00000006 ; g ; Np-237 ; 40 ; 1
890.38 ;  ; 0.00000032 ; 0.00000005 ; g ; Np-237 ; -1 ; 65
894.47 ;  ; 0.00000003 ; 0.00000001 ; g ; Np-237 ; -1 ; 66
898.17 ;  ; 0.00000006 ; 0.00000002 ; g ; Np-237 ; -1 ; 67
902.61 ;  ; 0.00000033 ; 0.00000003 ; g ; Np-237 ; -1 ; 68
909.95 ;  ; 0.00000005 ; 0.00000001 ; g ; Np-237 ; -1 ; 69
912.4 ;  ; 0.00000028 ; 0.00000003 ; g ; Np-237 ; -1 ; 70
920.88 ; 0.20 ; 0.00000019 ; 0.00000003 ; g ; Np-237 ; 40 ; 0
928.95 ;  ; 0.00000009 ; 0.00000002 ; g ; Np-237 ; -1 ; 71
939.2 ;  ; 0.00000005 ; 0.00000001 ; g ; Np-237 ; -1 ; 72
946.06 ;  ; 0.000000010 ; 0.000000002 ; g ; Np-237 ; 41 ; 0
952.72 ;  ; 0.00000003 ; 0.00000001 ; g ; Np-237 ; -1 ; 73
955.91 ;  ; 0.00000060 ; 0.00000005 ; g ; Np-237 ; -1 ; 74
962.19 ;  ; 0.00000004 ; 0.00000001 ; g ; Np-237 ; 42 ; 0
969.09 ;  ; 0.00000003 ; 0.00000001 ; g ; Np-237 ; -1 ; 75
980.84 ;  ; 0.00000003 ; 0.00000001 ; g ; Np-237 ; -1 ; 76
1014.33 ;  ; 0.0000010 ; 0.0000002 ; g ; Np-237 ; 43 ; 0
4757.58 ; 0.13 ; 0.00004 ; 0.00003 ; a ; Am-241 ; 0 ; 36
4800.99 ; 0.13 ; 0.000086 ;  ; a ; Am-241 ; 0 ; 34
4834.15 ; 0.13 ; 0.0007 ;  ; a ; Am-241 ; 0 ; 33
5007.07 ; 0.14 ; 0.0001 ;  ; a ; Am-241 ; 0 ; 27
5065.97 ; 0.15 ; 0.00011 ;  ; a ; Am-241 ; 0 ; 24
5092.06 ; 0.13 ; 0.0004 ;  ; a ; Am-241 ; 0 ; 23
5099.08 ; 0.13 ; 0.0004 ;  ; a ; Am-241 ; 0 ; 22
5117.21 ; 0.13 ; 0.0004 ;  ; a ; Am-241 ; 0 ; 20
5155.12 ; 0.13 ; 0.0007 ;  ; a ; Am-241 ; 0 ; 18
5179.35 ; 0.13 ; 0.0003 ;  ; a ; Am-241 ; 0 ; 17
5181.63 ; 0.13 ; 0.0009 ;  ; a ; Am-241 ; 0 ; 16
5190.17 ; 0.23 ; 0.0006 ;  ; a ; Am-241 ; 0 ; 15
5225.08 ; 0.13 ; 0.0013 ;  ; a ; Am-241 ; 0 ; 13
5244.13 ; 0.13 ; 0.0022 ; 0.0003 ; a ; Am-241 ; 0 ; 11
5280.99 ; 0.13 ; 0.0005 ;  ; a ; Am-241 ; 0 ; 9
5321.87 ; 0.13 ; 0.014 ; 0.003 ; a ; Am-241 ; 0 ; 8
5388.25 ; 0.13 ; 1.66 ; 0.03 ; a ; Am-241 ; 0 ; 6
5416.28 ; 0.13 ; 0.01 ;  ; a ; Am-241 ; 0 ; 5
5442.86 ; 0.12 ; 13.23 ; 0.10 ; a ; Am-241 ; 0 ; 4
5469.47 ; 0.12 ; 0.04 ;  ; a ; Am-241 ; 0 ; 3
5485.56 ; 0.12 ; 84.45 ; 0.10 ; a ; Am-241 ; 0 ; 2
5511.46 ; 0.12 ; 0.23 ; 0.01 ; a ; Am-241 ; 0 ; 1
5544.11 ; 0.12 ; 0.38 ; 0.01 ; a ; Am-241 ; 0 ; 0
==========================================================================================================
