Nuclide ; Bi-214 
Element ; Bismuth
Z ; 83
Daughter(s) ; (B-) ; Po-214 ; 99.979 ; (alpha) ; Tl-210 ; 0.021
Q- ; 3270 ; Qalpha ; 5621
Possible parent(s) ; (B-) ; Pb-214 ; 100 ; (alpha) ; At-218 ; 99.9
Half-life (min) ; 19.8 ; 0.1
Half-life (s) ; 1.188E3 ; 0.006E3
Decay constant (1/s) ; 583.5E-6 ; 2.9E-6
Specific activity (Bq/g) ; 1.642E18 ; 0.008E18
Reference ; CEA/LNE-LNHB - 2007
Emissions (239 lines) sorted by increasing energy
----------------------------------------------------------------------------------------------------------
Energy (keV) ; Ener. unc. (keV) ; Intensity (%) ; Int. unc. (%) ; Type ; Origin ; Lvl. start ; Lvl. end
12.935 ;  ; 0.627 ; 0.015 ; XL ; Po-214 ;  ; 
62.5 ; 1.0 ; 0.0116 ; 0.0007 ; g ; Tl-210 ; 1 ; 0
76.864 ;  ; 0.426 ; 0.013 ; XKa2 ; Po-214 ;  ; 
79.293 ;  ; 0.710 ; 0.022 ; XKa1 ; Po-214 ;  ; 
89.8087 ;  ; 0.244 ; 0.009 ; XK'b1 ; Po-214 ;  ; 
92.6213 ;  ; 0.0760 ; 0.0029 ; XK'b2 ; Po-214 ;  ; 
191.1 ; 1.8 ; 0.00125 ; 0.00007 ; g ; Tl-210 ; 2 ; 1
221 ; 1 ; 0.059 ; 0.006 ; g ; Po-214 ; 11 ; 6
230 ; 1 ; 0.0029 ; 0.0010 ; g ; Po-214 ; -1 ; 0
252.80 ; 0.06 ; 0.0117 ; 0.0018 ; g ; Po-214 ; 16 ; 11
268.8 ; 0.2 ; 0.0161 ; 0.0018 ; g ; Po-214 ; 6 ; 3
273.80 ; 0.05 ; 0.120 ; 0.008 ; g ; Po-214 ; 29 ; 22
280.95 ; 0.05 ; 0.062 ; 0.006 ; g ; Po-214 ; 42 ; 28
304.2 ; 0.2 ; 0.0255 ; 0.0023 ; g ; Po-214 ; -1 ; 1
333.350 ; 0.042 ; 0.063 ; 0.004 ; g ; Po-214 ; 14 ; 7
334.78 ; 0.08 ; 0.033 ; 0.005 ; g ; Po-214 ; -1 ; 2
348.92 ; 0.06 ; 0.123 ; 0.032 ; g ; Po-214 ; 11 ; 5
386.77 ; 0.05 ; 0.296 ; 0.005 ; g ; Po-214 ; 11 ; 4
388.88 ; 0.05 ; 0.394 ; 0.005 ; g ; Po-214 ; 18 ; 9
394.05 ; 0.08 ; 0.0127 ; 0.0018 ; g ; Po-214 ; 29 ; 17
396.01 ; 0.08 ; 0.0259 ; 0.0018 ; g ; Po-214 ; 35 ; 22
405.74 ; 0.03 ; 0.171 ; 0.007 ; g ; Po-214 ; 2 ; 1
452.92 ; 0.10 ; 0.031 ; 0.004 ; g ; Po-214 ; 28 ; 14
454.770 ; 0.012 ; 0.288 ; 0.005 ; g ; Po-214 ; 9 ; 3
461.0 ; 0.2 ; 0.058 ; 0.008 ; g ; Po-214 ; 21 ; 10
469.76 ; 0.07 ; 0.133 ; 0.015 ; g ; Po-214 ; 12 ; 4
474.41 ; 0.05 ; 0.092 ; 0.006 ; g ; Po-214 ; 21 ; 9
485.92 ; 0.11 ; 0.021 ; 0.004 ; g ; Po-214 ; 38 ; 22
487.95 ; 0.13 ; 0.028 ; 0.009 ; g ; Po-214 ; 29 ; 14
494.2 ; 0.4 ; 0.011 ; 0.003 ; g ; Po-214 ; 39 ; 21
496.90 ; 0.18 ; 0.0068 ; 0.0018 ; g ; Po-214 ; 31 ; 15
501.96 ; 0.15 ; 0.0181 ; 0.0022 ; g ; Po-214 ; 23 ; 11
519.90 ; 0.05 ; 0.0166 ; 0.0017 ; g ; Po-214 ; 42 ; 22
524.6 ; 0.2 ; 0.0169 ; 0.0017 ; g ; Po-214 ; 42 ; 21
528 ; 1 ; 0.0109 ; 0.0013 ; g ; Po-214 ; 6 ; 2
536.77 ; 0.04 ; 0.061 ; 0.008 ; g ; Po-214 ; 23 ; 9
543.0 ; 0.2 ; 0.088 ; 0.021 ; g ; Po-214 ; 21 ; 7
547.6 ; 0.3 ; 0.034 ; 0.003 ; g ; Po-214 ; 22 ; 7
551.9 ; 0.8 ; 0.0055 ; 0.0014 ; g ; Po-214 ; 62 ; 28
572.76 ; 0.07 ; 0.071 ; 0.008 ; g ; Po-214 ; 12 ; 3
595.23 ; 0.07 ; 0.0174 ; 0.0015 ; g ; Po-214 ; 15 ; 5
600.0 ; 0.5 ; 0.008 ; 0.004 ; g ; Po-214 ; 41 ; 18
609.312 ; 0.007 ; 45.49 ; 0.19 ; g ; Po-214 ; 1 ; 0
615.73 ; 0.10 ; 0.055 ; 0.007 ; g ; Po-214 ; 13 ; 3
617.0 ; 0.2 ; 0.027 ; 0.005 ; g ; Po-214 ; 14 ; 4
626.4 ; 0.6 ; 0.0041 ; 0.0014 ; g ; Po-214 ; 51 ; 23
630.79 ; 0.07 ; 0.0166 ; 0.0014 ; g ; Po-214 ; -1 ; 3
633.14 ; 0.10 ; 0.055 ; 0.003 ; g ; Po-214 ; 15 ; 4
634.72 ; 0.21 ; 0.0064 ; 0.0023 ; g ; Po-214 ; 29 ; 12
639.67 ; 0.10 ; 0.034 ; 0.005 ; g ; Po-214 ; 16 ; 4
649.18 ; 0.07 ; 0.054 ; 0.007 ; g ; Po-214 ; 20 ; 6
658.7 ; 0.2 ; 0.017 ; 0.004 ; g ; Po-214 ; 27 ; 11
661.1 ; 0.2 ; 0.054 ; 0.004 ; g ; Po-214 ; 21 ; 6
665.453 ; 0.022 ; 1.530 ; 0.007 ; g ; Po-214 ; 3 ; 1
677.41 ; 0.15 ; 0.0055 ; 0.0023 ; g ; Po-214 ; 38 ; 16
683.22 ; 0.06 ; 0.084 ; 0.006 ; g ; Po-214 ; 28 ; 11
687.6 ; 0.3 ; 0.0066 ; 0.0014 ; g ; Po-214 ; 39 ; 15
693.3 ; 0.5 ; 0.0059 ; 0.0015 ; g ; Po-214 ; 27 ; 9
697.90 ; 0.25 ; 0.067 ; 0.004 ; g ; Po-214 ; 8 ; 2
699.82 ; 0.18 ; 0.016 ; 0.005 ; g ; Po-214 ; 38 ; 14
703.11 ; 0.04 ; 0.479 ; 0.011 ; g ; Po-214 ; 18 ; 5
704.9 ; 0.3 ; 0.051 ; 0.010 ; g ; Po-214 ; 28 ; 10
708.8 ; 0.3 ; 0.0119 ; 0.0020 ; g ; Po-214 ; 41 ; 15
710.67 ; 0.10 ; 0.076 ; 0.004 ; g ; Po-214 ; 17 ; 4
719.86 ; 0.03 ; 0.393 ; 0.010 ; g ; Po-214 ; 14 ; 3
722.98 ; 0.12 ; 0.037 ; 0.007 ; g ; Po-214 ; 23 ; 6
733.80 ; 0.15 ; 0.038 ; 0.003 ; g ; Po-214 ; 42 ; 14
740.73 ; 0.18 ; 0.0428 ; 0.0021 ; g ; Po-214 ; 18 ; 4
752.84 ; 0.03 ; 0.126 ; 0.008 ; g ; Po-214 ; 29 ; 9
768.356 ; 0.010 ; 4.892 ; 0.016 ; g ; Po-214 ; 4 ; 1
786.1 ; 0.4 ; 0.31 ; 0.05 ; g ; Po-214 ; 28 ; 7
788.6 ; 0.5 ; 0.015 ; 0.005 ; g ; Po-214 ; 21 ; 5
806.174 ; 0.018 ; 1.262 ; 0.006 ; g ; Po-214 ; 5 ; 1
815.0 ; 0.1 ; 0.039 ; 0.003 ; g ; Po-214 ; 20 ; 4
821.18 ; 0.03 ; 0.166 ; 0.010 ; g ; Po-214 ; 29 ; 7
826.3 ; 0.2 ; 0.129 ; 0.011 ; g ; Po-214 ; 21 ; 4
832.39 ; 0.11 ; 0.035 ; 0.002 ; g ; Po-214 ; 12 ; 2
847.16 ; 0.11 ; 0.016 ; 0.006 ; g ; Po-214 ; 38 ; 12
873.07 ; 0.19 ; 0.019 ; 0.003 ; g ; Po-214 ; 19 ; 3
878.03 ; 0.12 ; 0.0118 ; 0.0027 ; g ; Po-214 ; 24 ; 5
904.29 ; 0.10 ; 0.066 ; 0.008 ; g ; Po-214 ; 28 ; 6
915.74 ; 0.15 ; 0.023 ; 0.005 ; g ; Po-214 ; 24 ; 4
917.8 ; 0.3 ; 0.005 ; 0.003 ; g ; Po-214 ; 20 ; 3
930.2 ; 0.2 ; 0.043 ; 0.008 ; g ; Po-214 ; 38 ; 11
934.061 ; 0.012 ; 3.10 ; 0.01 ; g ; Po-214 ; 6 ; 1
939.6 ; 0.5 ; 0.016 ; 0.004 ; g ; Po-214 ; 29 ; 6
943.34 ; 0.12 ; 0.017 ; 0.003 ; g ; Po-214 ; 35 ; 7
949.8 ; 0.5 ; 0.0055 ; 0.0023 ; g ; Po-214 ; 37 ; 8
952.2 ; 0.8 ; 0.0059 ; 0.0023 ; g ; Po-214 ; 38 ; 10
961.61 ; 0.17 ; 0.0101 ; 0.0014 ; g ; Po-214 ; 30 ; 6
964.08 ; 0.03 ; 0.363 ; 0.012 ; g ; Po-214 ; 42 ; 11
976.18 ; 0.12 ; 0.0151 ; 0.0021 ; g ; Po-214 ; 41 ; 10
991.49 ; 0.19 ; 0.011 ; 0.003 ; g ; Po-214 ; 23 ; 3
1013.8 ; 0.2 ; 0.0087 ; 0.0019 ; g ; Po-214 ; 48 ; 12
1021.0 ; 0.5 ; 0.016 ; 0.003 ; g ; Po-214 ; 44 ; 11
1032.37 ; 0.08 ; 0.061 ; 0.004 ; g ; Po-214 ; 28 ; 5
1038.0 ; 0.3 ; 0.0086 ; 0.0015 ; g ; Po-214 ; 39 ; 7
1045.6 ; 0.2 ; 0.023 ; 0.003 ; g ; Po-214 ; 27 ; 4
1051.96 ; 0.03 ; 0.324 ; 0.008 ; g ; Po-214 ; 7 ; 1
1067.2 ; 0.3 ; 0.024 ; 0.007 ; g ; Po-214 ; 42 ; 7
1069.96 ; 0.08 ; 0.271 ; 0.010 ; g ; Po-214 ; 28 ; 4
1103.64 ; 0.19 ; 0.106 ; 0.015 ; g ; Po-214 ; 8 ; 1
1104.79 ; 0.19 ; 0.073 ; 0.014 ; g ; Po-214 ; 29 ; 4
1118.9 ; 0.5 ; 0.010 ; 0.004 ; g ; Po-214 ; 37 ; 6
1120.287 ; 0.010 ; 14.91 ; 0.03 ; g ; Po-214 ; 9 ; 1
1130.29 ; 0.19 ; 0.036 ; 0.003 ; g ; Po-214 ; 31 ; 4
1133.66 ; 0.03 ; 0.254 ; 0.008 ; g ; Po-214 ; 10 ; 1
1155.19 ; 0.02 ; 1.635 ; 0.007 ; g ; Po-214 ; 11 ; 1
1167.3 ; 0.2 ; 0.0123 ; 0.0017 ; g ; Po-214 ; 32 ; 4
1172.98 ; 0.10 ; 0.055 ; 0.007 ; g ; Po-214 ; 28 ; 3
1207.68 ; 0.03 ; 0.454 ; 0.012 ; g ; Po-214 ; 29 ; 3
1226.7 ; 0.3 ; 0.018 ; 0.008 ; g ; Po-214 ; -1 ; 4
1230.6 ; 0.4 ; 0.007 ; 0.005 ; g ; Po-214 ; 30 ; 3
1238.111 ; 0.012 ; 5.831 ; 0.014 ; g ; Po-214 ; 12 ; 1
1280.96 ; 0.02 ; 1.435 ; 0.006 ; g ; Po-214 ; 13 ; 1
1284 ; 1 ; 0.013 ; 0.006 ; g ; Po-214 ; 37 ; 4
1303.76 ; 0.08 ; 0.105 ; 0.005 ; g ; Po-214 ; 41 ; 5
1316.96 ; 0.15 ; 0.077 ; 0.007 ; g ; Po-214 ; 38 ; 4
1330.0 ; 0.2 ; 0.0120 ; 0.0014 ; g ; Po-214 ; 35 ; 3
1341.49 ; 0.16 ; 0.0214 ; 0.0027 ; g ; Po-214 ; 41 ; 4
1351 ; 1 ; 0.0042 ; 0.0011 ; g ; Po-214 ; 42 ; 4
1353.4 ; 0.8 ; 0.0036 ; 0.0009 ; g ; Po-214 ; 65 ; 7
1377.669 ; 0.012 ; 3.968 ; 0.011 ; g ; Po-214 ; 4 ; 0
1385.31 ; 0.03 ; 0.795 ; 0.005 ; g ; Po-214 ; 14 ; 1
1392.5 ; 0.4 ; 0.0087 ; 0.0019 ; g ; Po-214 ; 43 ; 4
1401.50 ; 0.04 ; 1.330 ; 0.007 ; g ; Po-214 ; 15 ; 1
1407.98 ; 0.04 ; 2.389 ; 0.008 ; g ; Po-214 ; 16 ; 1
1419.7 ; 0.3 ; 0.0055 ; 0.0010 ; g ; Po-214 ; 38 ; 3
1470.9 ; 0.3 ; 0.0094 ; 0.0013 ; g ; Po-214 ; 65 ; 6
1479.15 ; 0.14 ; 0.051 ; 0.004 ; g ; Po-214 ; 17 ; 1
1509.228 ; 0.015 ; 2.128 ; 0.010 ; g ; Po-214 ; 18 ; 1
1515.5 ; 0.3 ; 0.0072 ; 0.0021 ; g ; Po-214 ; 51 ; 4
1538.50 ; 0.06 ; 0.401 ; 0.022 ; g ; Po-214 ; 19 ; 1
1543.32 ; 0.06 ; 0.302 ; 0.013 ; g ; Po-214 ; 6 ; 0
1583.22 ; 0.04 ; 0.707 ; 0.005 ; g ; Po-214 ; 20 ; 1
1594.73 ; 0.08 ; 0.274 ; 0.015 ; g ; Po-214 ; 21 ; 1
1599.31 ; 0.06 ; 0.322 ; 0.015 ; g ; Po-214 ; 22 ; 1
1636.3 ; 0.2 ; 0.0111 ; 0.0016 ; g ; Po-214 ; 65 ; 4
1657.00 ; 0.19 ; 0.047 ; 0.005 ; g ; Po-214 ; 23 ; 1
1661.28 ; 0.06 ; 1.048 ; 0.009 ; g ; Po-214 ; 7 ; 0
1665.8 ; 0.2 ; 0.015 ; 0.006 ; g ; Po-214 ; 57 ; 3
1683.99 ; 0.04 ; 0.217 ; 0.003 ; g ; Po-214 ; 24 ; 1
1711.0 ; 0.8 ; 0.023 ; 0.005 ; g ; Po-214 ; 61 ; 3
1729.595 ; 0.015 ; 2.844 ; 0.010 ; g ; Po-214 ; 9 ; 0
1751.4 ; 0.8 ; 0.0009 ; 0.0005 ; g ; Po-214 ; 26 ; 1
1764.494 ; 0.014 ; 15.31 ; 0.05 ; g ; Po-214 ; 11 ; 0
1813.73 ; 0.14 ; 0.0108 ; 0.0009 ; g ; Po-214 ; 27 ; 1
1838.36 ; 0.05 ; 0.343 ; 0.010 ; g ; Po-214 ; 28 ; 1
1847.420 ; 0.025 ; 2.025 ; 0.012 ; g ; Po-214 ; 12 ; 0
1873.16 ; 0.06 ; 0.212 ; 0.008 ; g ; Po-214 ; 29 ; 1
1890.30 ; 0.15 ; 0.078 ; 0.004 ; g ; Po-214 ; 13 ; 0
1895.92 ; 0.14 ; 0.146 ; 0.008 ; g ; Po-214 ; 30 ; 1
1898.7 ; 0.4 ; 0.049 ; 0.008 ; g ; Po-214 ; 31 ; 1
1935.5 ; 0.2 ; 0.032 ; 0.007 ; g ; Po-214 ; 32 ; 1
1994.6 ; 0.6 ; 0.0024 ; 0.0005 ; g ; Po-214 ; 35 ; 1
2010.78 ; 0.12 ; 0.0434 ; 0.0017 ; g ; Po-214 ; 15 ; 0
2021.6 ; 0.2 ; 0.0214 ; 0.0021 ; g ; Po-214 ; 36 ; 1
2052.94 ; 0.12 ; 0.069 ; 0.004 ; g ; Po-214 ; 37 ; 1
2085.1 ; 0.2 ; 0.0082 ; 0.0005 ; g ; Po-214 ; 38 ; 1
2089.7 ; 0.2 ; 0.0443 ; 0.0022 ; g ; Po-214 ; 40 ; 1
2109.92 ; 0.12 ; 0.084 ; 0.003 ; g ; Po-214 ; 41 ; 1
2118.55 ; 0.03 ; 1.158 ; 0.005 ; g ; Po-214 ; 18 ; 0
2147.9 ; 0.2 ; 0.0134 ; 0.0013 ; g ; Po-214 ; 19 ; 0
2160.4 ; 0.3 ; 0.007 ; 0.005 ; g ; Po-214 ; 43 ; 1
2176.5 ; 0.2 ; 0.0033 ; 0.0006 ; g ; Po-214 ; 44 ; 1
2192.58 ; 0.16 ; 0.038 ; 0.003 ; g ; Po-214 ; 20 ; 0
2204.21 ; 0.04 ; 4.913 ; 0.023 ; g ; Po-214 ; 21 ; 0
2251.6 ; 0.2 ; 0.0055 ; 0.0005 ; g ; Po-214 ; 48 ; 1
2260.3 ; 0.2 ; 0.0087 ; 0.0004 ; g ; Po-214 ; 49 ; 1
2266.51 ; 0.13 ; 0.0165 ; 0.0008 ; g ; Po-214 ; 23 ; 0
2270.9 ; 0.4 ; 0.0014 ; 0.0003 ; g ; Po-214 ; 50 ; 1
2284.3 ; 0.2 ; 0.0050 ; 0.0004 ; g ; Po-214 ; 51 ; 1
2287.65 ; 0.23 ; 0.0046 ; 0.0005 ; g ; Po-214 ; 52 ; 1
2293.40 ; 0.12 ; 0.306 ; 0.004 ; g ; Po-214 ; 24 ; 0
2310.2 ; 0.3 ; 0.0014 ; 0.0009 ; g ; Po-214 ; 53 ; 1
2312.4 ; 0.2 ; 0.0086 ; 0.0008 ; g ; Po-214 ; 54 ; 1
2319.3 ; 0.3 ; 0.0014 ; 0.0009 ; g ; Po-214 ; 55 ; 1
2325.0 ; 0.3 ; 0.0017 ; 0.0003 ; g ; Po-214 ; 56 ; 1
2331.3 ; 0.2 ; 0.026 ; 0.004 ; g ; Po-214 ; 57 ; 1
2348.0 ; 1.3 ; 0.0014 ; 0.0009 ; g ; Po-214 ; 25 ; 0
2353.5 ; 0.7 ; 0.00036 ; 0.00014 ; g ; Po-214 ; 58 ; 1
2361.00 ; 0.19 ; 0.0021 ; 0.0006 ; g ; Po-214 ; 26 ; 0
2369.0 ; 0.4 ; 0.0028 ; 0.0004 ; g ; Po-214 ; 60 ; 1
2376.9 ; 0.2 ; 0.0086 ; 0.0008 ; g ; Po-214 ; 61 ; 1
2390.8 ; 0.2 ; 0.00156 ; 0.00014 ; g ; Po-214 ; 62 ; 1
2405.1 ; 0.5 ; 0.0011 ; 0.0007 ; g ; Po-214 ; 65 ; 1
2423.27 ; 0.13 ; 0.0048 ; 0.0006 ; g ; Po-214 ; 27 ; 0
2444.7 ; 0.8 ; 0.008 ; 0.004 ; g ; Po-214 ; 69 ; 1
2447.86 ; 0.10 ; 1.548 ; 0.007 ; g ; Po-214 ; 28 ; 0
2459.0 ; 0.8 ; 0.00141 ; 0.00023 ; g ; Po-214 ; 70 ; 1
2482.8 ; 0.4 ; 0.00096 ; 0.00018 ; g ; Po-214 ; 29 ; 0
2505.4 ; 0.2 ; 0.0056 ; 0.0006 ; g ; Po-214 ; 30 ; 0
2550.7 ; 0.7 ; 0.00032 ; 0.00009 ; g ; Po-214 ; 77 ; 1
2562.0 ; 0.6 ; 0.00018 ; 0.00009 ; g ; Po-214 ; 34 ; 0
2564.0 ; 0.6 ; 0.00014 ; 0.00009 ; g ; Po-214 ; 79 ; 1
2604.5 ; 0.5 ; 0.00036 ; 0.00009 ; g ; Po-214 ; 35 ; 0
2630.9 ; 0.3 ; 0.00086 ; 0.00023 ; g ; Po-214 ; 36 ; 0
2662.4 ; 1.0 ; 0.000200 ; 0.000041 ; g ; Po-214 ; 37 ; 0
2694.7 ; 0.2 ; 0.033 ; 0.003 ; g ; Po-214 ; 38 ; 0
2699.4 ; 0.3 ; 0.00282 ; 0.00023 ; g ; Po-214 ; 40 ; 0
2719.3 ; 0.2 ; 0.00170 ; 0.00017 ; g ; Po-214 ; 41 ; 0
2769.9 ; 0.2 ; 0.0225 ; 0.0008 ; g ; Po-214 ; 43 ; 0
2785.9 ; 0.2 ; 0.0055 ; 0.0005 ; g ; Po-214 ; 44 ; 0
2826.98 ; 0.20 ; 0.00218 ; 0.00017 ; g ; Po-214 ; 47 ; 0
2861.08 ; 0.40 ; 0.00041 ; 0.00013 ; g ; Po-214 ; 48 ; 0
2880.3 ; 0.2 ; 0.0101 ; 0.0016 ; g ; Po-214 ; 50 ; 0
2893.5 ; 0.2 ; 0.0057 ; 0.0005 ; g ; Po-214 ; 51 ; 0
2921.9 ; 0.2 ; 0.0134 ; 0.0005 ; g ; Po-214 ; 54 ; 0
2928.6 ; 0.3 ; 0.00109 ; 0.00009 ; g ; Po-214 ; 55 ; 0
2934.6 ; 0.3 ; 0.00046 ; 0.00012 ; g ; Po-214 ; 56 ; 0
2978.9 ; 0.2 ; 0.0137 ; 0.0004 ; g ; Po-214 ; 60 ; 0
2999.98 ; 0.20 ; 0.0089 ; 0.0007 ; g ; Po-214 ; 62 ; 0
3053.88 ; 0.20 ; 0.022 ; 0.003 ; g ; Po-214 ; 69 ; 0
3081.7 ; 0.3 ; 0.0052 ; 0.0007 ; g ; Po-214 ; 72 ; 0
3093.98 ; 0.40 ; 0.00037 ; 0.00004 ; g ; Po-214 ; 73 ; 0
3142.58 ; 0.40 ; 0.00118 ; 0.00009 ; g ; Po-214 ; 75 ; 0
3149.0 ; 0.5 ; 0.00019 ;  ; g ; Po-214 ; 76 ; 0
3160.6 ; 0.6 ; 0.00047 ; 0.00008 ; g ; Po-214 ; 77 ; 0
3183.57 ; 0.40 ; 0.0011 ; 0.0005 ; g ; Po-214 ; 80 ; 0
4941 ; 3 ; 0.000052 ; 0.000003 ; a ; Bi-214 ; 0 ; 5
5023 ; 3 ; 0.000045 ; 0.000003 ; a ; Bi-214 ; 0 ; 4
5184 ; 3 ; 0.00013 ; 0.00001 ; a ; Bi-214 ; 0 ; 3
5273 ; 9 ; 0.00125 ; 0.00007 ; a ; Bi-214 ; 0 ; 2
5452 ; 3 ; 0.0116 ; 0.0007 ; a ; Bi-214 ; 0 ; 1
5516 ; 3 ; 0.0082 ; 0.0005 ; a ; Bi-214 ; 0 ; 0
8287 ; 6 ; 0.00012 ;  ; a* ; Po-214 ; 1 ; 0
8430 ; 6 ; 0.00006 ;  ; a* ; Po-214 ; 6 ; 1
8950 ; 6 ; 0.00002 ;  ; a* ; Po-214 ; 2 ; 0
9080 ; 6 ; 0.0022 ;  ; a* ; Po-214 ; 4 ; 0
9320 ; 6 ; 0.00005 ;  ; a* ; Po-214 ; 6 ; 0
9378 ; 8 ; 0.00002 ;  ; a* ; Po-214 ; 7 ; 0
9500 ; 6 ; 0.0001 ;  ; a* ; Po-214 ; 10 ; 0
9670 ; 8 ; 0.00004 ;  ; a* ; Po-214 ; 14 ; 0
9802 ; 6 ; 0.00012 ;  ; a* ; Po-214 ; 17 ; 0
9907 ; 6 ; 0.00007 ;  ; a* ; Po-214 ; 21 ; 0
10082 ; 6 ; 0.00014 ;  ; a* ; Po-214 ; 24 ; 0
10150 ; 8 ; 0.00002 ;  ; a* ; Po-214 ; 26 ; 0
10332 ; 6 ; 0.00008 ;  ; a* ; Po-214 ; 32 ; 0
10505 ; 10 ; 0.00002 ;  ; a* ; Po-214 ; 38 ; 0
==========================================================================================================
