Nuclide ; Pa-234 
Element ; Protactinium
Z ; 91
Daughter(s) ; (B-) ; U-234 ; 100
Q- ; 2195
Possible parent(s) ; (I.T.) ; Pa-234m ; 0.15 ; (B-) ; Th-234 ; 100
Half-life (h) ; 6.70 ; 0.05
Half-life (s) ; 24.12E3 ; 0.18E3
Decay constant (1/s) ; 28.74E-6 ; 0.21E-6
Specific activity (Bq/g) ; 74.0E15 ; 0.6E15
Reference ; CNDC - 2010
Emissions (345 lines) sorted by increasing energy
----------------------------------------------------------------------------------------------------------
Energy (keV) ; Ener. unc. (keV) ; Intensity (%) ; Int. unc. (%) ; Type ; Origin ; Lvl. start ; Lvl. end
16.1663 ;  ; 87 ; 6 ; XL ; U-234 ;  ; 
34.30 ; 0.04 ; 0.0037 ; 0.0004 ; g ; U-234 ; 14 ; 13
43.49 ; 0.02 ; 0.12 ; 0.03 ; g ; U-234 ; 1 ; 0
45.45 ; 0.05 ; 0.027 ; 0.009 ; g ; U-234 ; 16 ; 14
54.96 ; 0.10 ; 0.0188 ;  ; g ; U-234 ;  ; 
55.45 ; 0.05 ; 0.027 ; 0.009 ; g ; U-234 ; 45 ; 39
58.20 ; 0.06 ; 0.0027 ; 0.0009 ; g ; U-234 ; 22 ; 16
59.19 ; 0.05 ; 0.032 ; 0.011 ; g ; U-234 ; 56 ; 51
62.70 ; 0.01 ; 1.6 ; 0.5 ; g ; U-234 ; 13 ; 9
67.25 ; 0.10 ; 0.036 ; 0.011 ; g ; U-234 ; 25 ; 22
69.46 ; 0.05 ; 0.018 ; 0.008 ; g ; U-234 ; 25 ; 20
79.84 ; 0.02 ; 0.062 ; 0.022 ; g ; U-234 ; 16 ; 13
94.666 ;  ; 12.4 ; 0.8 ; XKa2 ; U-234 ;  ; 
97.17 ; 0.10 ; 0.24 ; 0.09 ; g ; U-234 ; 14 ; 9
98.44 ;  ; 19.8 ; 1.2 ; XKa1 ; U-234 ;  ; 
99.86 ; 0.02 ; 3.2 ; 0.6 ; g ; U-234 ; 2 ; 1
100.89 ; 0.02 ; 0.125 ; 0.024 ; g ; U-234 ; 16 ; 12
103.77 ; 0.02 ; 0.24 ; 0.04 ; g ; U-234 ; 22 ; 14
106.68 ; 0.05 ; 0.036 ; 0.011 ; g ; U-234 ; 16 ; 11
111.2277 ;  ; 7.1 ; 0.5 ; XK'b1 ; U-234 ;  ; 
114.932 ;  ; 2.44 ; 0.16 ; XK'b2 ; U-234 ;  ; 
125.46 ; 0.01 ; 0.79 ; 0.12 ; g ; U-234 ; 25 ; 16
131.30 ; 0.01 ; 18.2 ; 1.6 ; g ; U-234 ; 43 ; 33
134.61 ; 0.02 ; 0.114 ; 0.023 ; g ; U-234 ; 51 ; 45
137.23 ; 0.05 ; 0.027 ; 0.009 ; g ; U-234 ; 21 ; 13
140.15 ; 0.02 ; 0.51 ; 0.07 ; g ; U-234 ; 13 ; 7
140.91 ; 0.03 ; 0.31 ; 0.05 ; g ; U-234 ; 49 ; 43
143.78 ; 0.02 ; 0.32 ; 0.05 ; g ; U-234 ; 33 ; 30
149.88 ; 0.03 ; 0.073 ; 0.022 ; g ; U-234 ; 30 ; 22
152.71 ; 0.02 ; 6.0 ; 0.7 ; g ; U-234 ; 3 ; 2
159.48 ; 0.02 ; 0.66 ; 0.10 ; g ; U-234 ; 33 ; 28
164.94 ; 0.05 ; 0.052 ; 0.022 ; g ; U-234 ; 22 ; 11
165.61 ; 0.05 ; 0.073 ; 0.022 ; g ; U-234 ; 64 ; 54
170.85 ; 0.02 ; 0.51 ; 0.07 ; g ; U-234 ; 51 ; 43
174.55 ; 0.03 ; 0.17 ; 0.03 ; g ; U-234 ; 14 ; 7
179.80 ; 0.08 ; 0.045 ; 0.016 ; g ; U-234 ; 51 ; 41
186.15 ; 0.02 ; 1.78 ; 0.19 ; g ; U-234 ; 51 ; 40
193.73 ; 0.03 ; 0.50 ; 0.08 ; g ; U-234 ; 56 ; 45
196.80 ; 0.05 ; 0.073 ; 0.022 ; g ; U-234 ; 23 ; 12
199.95 ; 0.05 ; 0.073 ; 0.022 ; g ; U-234 ; 21 ; 9
200.97 ; 0.03 ; 0.90 ; 0.13 ; g ; U-234 ; 4 ; 3
203.12 ; 0.03 ; 1.24 ; 0.15 ; g ; U-234 ; 13 ; 5
220.00 ; 0.08 ; 0.146 ; 0.025 ; g ; U-234 ; 16 ; 7
221.15 ; 0.10 ; 0.052 ; 0.022 ; g ; U-234 ; 66 ; 53
221.83 ; 0.10 ; 0.073 ; 0.022 ; g ; U-234 ; 37 ; 29
226.50 ; 0.03 ; 4.9 ; 0.6 ; g ; U-234 ; 33 ; 25
227.25 ; 0.03 ; 5.8 ; 0.6 ; g ; U-234 ; 51 ; 37
232.21 ; 0.03 ; 0.18 ; 0.03 ; g ; U-234 ; 25 ; 11
235.11 ; 0.03 ; 0.114 ; 0.023 ; g ; U-234 ; 66 ; 51
235.9 ; 3.0 ; 0.005 ; 0.003 ; g ; U-234 ; 17 ; 7
240.2 ; 0.1 ; 0.052 ; 0.022 ; g ; U-234 ; 58 ; 43
245.37 ; 0.02 ; 0.76 ; 0.11 ; g ; U-234 ; 56 ; 40
247.79 ; 0.07 ; 0.00037 ; 0.00004 ; g ; U-234 ; 27 ; 13
249.22 ; 0.01 ; 2.5 ; 0.4 ; g ; U-234 ; 33 ; 24
257.2 ; 0.1 ; 0.052 ; 0.022 ; g ; U-234 ; 68 ; 51
267.12 ; 0.05 ; 0.18 ; 0.03 ; g ; U-234 ; 26 ; 10
272.28 ; 0.05 ; 1.09 ; 0.14 ; g ; U-234 ; 49 ; 33
275.04 ; 0.10 ; 0.094 ; 0.023 ; g ; U-234 ; 21 ; 8
278.3 ; 0.1 ; 0.042 ; 0.011 ; g ; U-234 ; 22 ; 7
293.79 ; 0.05 ; 3.0 ; 0.4 ; g ; U-234 ; 33 ; 22
295.91 ; 0.08 ; 0.146 ; 0.025 ; g ; U-234 ; 33 ; 20
298.7 ; 0.2 ; 0.014 ; 0.006 ; g ; U-234 ; 17 ; 5
308.6 ; 0.2 ; 0.021 ; 0.006 ; g ; U-234 ; 64 ; 46
310.2 ; 0.1 ; 0.073 ; 0.013 ; g ; U-234 ; 71 ; 51
310.52 ; 0.10 ; 0.000135 ; 0.000015 ; g ; U-234 ; 27 ; 9
313.5 ; 0.1 ; 0.104 ; 0.014 ; g ; U-234 ; 23 ; 8
316.7 ; 0.1 ; 0.104 ; 0.014 ; g ; U-234 ; 21 ; 6
320.4 ; 0.1 ; 0.052 ; 0.008 ; g ; U-234 ; 34 ; 22
330.40 ; 0.05 ; 0.78 ; 0.09 ; g ; U-234 ; 33 ; 18
331.4 ; 0.1 ; 0.073 ; 0.013 ; g ; U-234 ; 74 ; 52
340.2 ; 0.1 ; 0.041 ; 0.009 ; g ; U-234 ; 21 ; 5
343.8 ; 0.2 ; 0.034 ; 0.008 ; g ; U-234 ; 31 ; 12
351.9 ; 0.1 ; 0.42 ; 0.05 ; g ; U-234 ; 33 ; 16
357.9 ; 0.1 ; 0.036 ; 0.011 ; g ; U-234 ; 46 ; 28
360.6 ; 0.3 ; 0.018 ; 0.007 ; g ; U-234 ; 56 ; 33
365.0 ; 0.3 ; 0.018 ; 0.007 ; g ; U-234 ; 26 ; 7
369.50 ; 0.05 ; 2.5 ; 0.3 ; g ; U-234 ; 37 ; 21
372.0 ; 0.1 ; 1.23 ; 0.14 ; g ; U-234 ; 40 ; 23
379.1 ; 0.1 ; 0.042 ; 0.011 ; g ; U-234 ; 32 ; 11
385.4 ; 0.1 ; 0.042 ; 0.011 ; g ; U-234 ; 31 ; 9
387.94 ; 0.06 ; 0.00072 ; 0.00006 ; g ; U-234 ; 27 ; 7
394.1 ; 0.1 ; 0.094 ; 0.014 ; g ; U-234 ; 45 ; 25
397.7 ; 0.3 ; 0.027 ; 0.007 ; g ; U-234 ; 33 ; 15
401.8 ; 0.2 ; 0.036 ; 0.011 ; g ; U-234 ; -1 ; 2
409.8 ; 0.1 ; 0.34 ; 0.05 ; g ; U-234 ; 40 ; 22
416.1 ; 0.1 ; 0.036 ; 0.011 ; g ; U-234 ; 49 ; 30
425.3 ; 0.2 ; 0.036 ; 0.011 ; g ; U-234 ; -1 ; 3
426.95 ; 0.05 ; 0.46 ; 0.05 ; g ; U-234 ; 37 ; 16
427.4 ; 0.4 ; 0.000031 ; 0.000010 ; g ; U-234 ; 27 ; 6
433.1 ; 0.1 ; 0.094 ; 0.014 ; g ; U-234 ; 68 ; 42
446.6 ; 0.1 ; 0.114 ; 0.015 ; g ; U-234 ; 40 ; 18
450.93 ; 0.04 ; 0.0040 ; 0.0019 ; g ; U-234 ; 27 ; 5
452.4 ; 0.3 ; 0.027 ; 0.009 ; g ; U-234 ; 42 ; 19
458.68 ; 0.05 ; 1.14 ; 0.12 ; g ; U-234 ; 33 ; 11
461.5 ; 0.1 ; 0.034 ; 0.011 ; g ; U-234 ; 45 ; 22
464.2 ; 0.1 ; 0.031 ; 0.011 ; g ; U-234 ; 39 ; 16
468.0 ; 0.1 ; 0.22 ; 0.03 ; g ; U-234 ; 40 ; 16
472.3 ; 0.1 ; 0.36 ; 0.04 ; g ; U-234 ; 37 ; 15
474.2 ; 0.2 ; 0.036 ; 0.011 ; g ; U-234 ; 41 ; 16
478.6 ; 0.1 ; 0.125 ; 0.015 ; g ; U-234 ; 42 ; 16
481.0 ; 0.1 ; 0.31 ; 0.04 ; g ; U-234 ; 71 ; 43
498.0 ; 0.1 ; 0.062 ; 0.012 ; g ; U-234 ; 45 ; 18
502.0 ; 0.1 ; 0.03 ; 0.09 ; g ; U-234 ; 66 ; 35
506.75 ; 0.05 ; 1.30 ; 0.14 ; g ; U-234 ; 37 ; 13
513.4 ; 0.1 ; 0.38 ;  ; g ; U-234 ; 40 ; 15
513.5 ; 0.1 ; 0.76 ;  ; g ; U-234 ; 40 ; 14
519.6 ; 0.1 ; 0.40 ; 0.05 ; g ; U-234 ; 45 ; 16
521.4 ; 0.1 ; 0.75 ; 0.09 ; g ; U-234 ; 49 ; 24
527.9 ; 0.1 ; 0.40 ; 0.05 ; g ; U-234 ; 37 ; 12
529.1 ; 0.3 ; 0.09 ; 0.04 ; g ; U-234 ; 43 ; 15
534.1 ; 0.1 ; 0.083 ; 0.013 ; g ; U-234 ; 76 ; 44
537.2 ; 0.1 ; 0.083 ; 0.013 ; g ; U-234 ; 71 ; 37
543.8 ; 0.1 ; 0.135 ; 0.024 ; g ; U-234 ; 39 ; 13
553.7 ; 0.1 ; 0.045 ; 0.016 ; g ; U-234 ; 47 ; 19
558.0 ; 0.2 ; 0.094 ; 0.023 ; g ; U-234 ; 44 ; 14
559.2 ; 0.2 ; 0.073 ; 0.022 ; g ; U-234 ; 36 ; 9
562.8 ; 0.3 ; 0.036 ; 0.011 ; g ; U-234 ; 76 ; 43
565.2 ; 0.1 ; 1.04 ; 0.11 ; g ; U-234 ; 45 ; 15
568.9 ; 0.2 ; 3.6 ; 0.6 ; g ; U-234 ; 40 ; 12
569.5 ; 0.1 ; 9.3 ; 1.2 ; g ; U-234 ; 37 ; 9
575.5 ; 0.1 ; 0.027 ; 0.009 ; g ; U-234 ; 41 ; 12
584.1 ; 0.1 ; 0.18 ; 0.30 ; g ; U-234 ; 43 ; 12
586.3 ; 0.1 ; 0.073 ; 0.013 ; g ; U-234 ; 64 ; 32
590.3 ; 1.0 ; 0.036 ; 0.011 ; g ; U-234 ; 40 ; 10
595.4 ; 0.2 ; 0.094 ; 0.023 ; g ; U-234 ; 50 ; 22
596.9 ; 0.1 ; 0.20 ; 0.03 ; g ; U-234 ; 59 ; 26
602.6 ; 0.1 ; 0.54 ; 0.06 ; g ; U-234 ; 49 ; 18
604.6 ; 0.3 ; 0.052 ; 0.022 ; g ; U-234 ; 43 ; 10
612.0 ; 0.1 ; 0.38 ; 0.05 ; g ; U-234 ; 53 ; 21
617.0 ; 0.2 ; 0.052 ; 0.022 ; g ; U-234 ; 41 ; 9
619.0 ; 0.2 ; 0.036 ; 0.011 ; g ; U-234 ; 44 ; 11
624.2 ; 0.1 ; 0.35 ; 0.05 ; g ; U-234 ; 49 ; 16
628.1 ; 0.1 ; 0.24 ; 0.05 ; g ; U-234 ; 20 ; 4
629.4 ; 0.1 ; 0.35 ; 0.06 ; g ; U-234 ; 48 ; 15
632.6 ; 0.2 ; 0.036 ; 0.011 ; g ; U-234 ; 51 ; 18
634.3 ; 0.2 ; 0.135 ; 0.024 ; g ; U-234 ; 54 ; 22
643.2 ; 0.2 ; 0.027 ; 0.009 ; g ; U-234 ; -1 ; 4
646.5 ; 0.1 ; 0.114 ; 0.015 ; g ; U-234 ; 37 ; 7
653.7 ; 0.1 ; 0.47 ; 0.08 ; g ; U-234 ; 50 ; 16
655.2 ; 0.2 ; 0.135 ; 0.024 ; g ; U-234 ; 56 ; 22
657.4 ; 0.1 ; 0.40 ; 0.05 ; g ; U-234 ; 46 ; 11
659.8 ; 0.1 ; 0.27 ; 0.04 ; g ; U-234 ; -1 ; 5
663.9 ; 0.1 ; 0.54 ; 0.09 ; g ; U-234 ; 48 ; 13
666.5 ; 0.1 ; 1.18 ; 0.13 ; g ; U-234 ; 11 ; 3
669.7 ; 0.1 ; 1.00 ; 0.10 ; g ; U-234 ;  ; 
675.1 ; 0.1 ; 0.101 ; 0.014 ; g ; U-234 ; 24 ; 4
683.9 ; 0.2 ; 0.16 ; 0.04 ; g ; U-234 ; 59 ; 22
685.1 ; 0.2 ; 0.15 ; 0.04 ; g ; U-234 ; 40 ; 8
692.6 ; 0.1 ; 1.25 ; 0.13 ; g ; U-234 ; 54 ; 16
699.03 ; 0.05 ; 3.6 ; 0.4 ; g ; U-234 ; 51 ; 15
705.9 ; 0.1 ; 2.29 ; 0.23 ; g ; U-234 ; 7 ; 2
708.3 ; 0.2 ; 0.023 ; 0.009 ; g ; U-234 ; 8 ; 2
711.5 ; 0.1 ; 0.156 ; 0.025 ; g ; U-234 ; -1 ; 6
713.7 ; 0.1 ; 0.146 ; 0.025 ; g ; U-234 ; 52 ; 14
716.5 ; 0.2 ; 0.031 ; 0.009 ; g ; U-234 ; 62 ; 23
727.8 ; 0.2 ; 0.114 ; 0.015 ; g ; U-234 ; 15 ; 3
730.9 ; 0.2 ; 0.63 ; 0.10 ; g ; U-234 ; 49 ; 11
733.39 ; 0.05 ; 7.0 ; 0.8 ; g ; U-234 ; 50 ; 13
738.0 ; 0.1 ; 1.16 ; 0.13 ; g ; U-234 ; 54 ; 14
742.813 ; 0.005 ; 2.08 ; 0.21 ; g ; U-234 ; 5 ; 1
745.9 ; 0.1 ; 0.32 ; 0.05 ; g ; U-234 ; 49 ; 10
748.1 ; 0.3 ; 0.104 ; 0.023 ; g ; U-234 ; 52 ; 13
755.0 ; 0.1 ; 1.23 ; 0.13 ; g ; U-234 ; 51 ; 12
758.9 ; 0.1 ; 0.25 ; 0.03 ; g ; U-234 ; 56 ; 15
761.0 ; 0.2 ; 0.073 ; 0.022 ; g ; U-234 ; 50 ; 11
764.8 ; 0.2 ; 0.20 ; 0.05 ; g ; U-234 ; 28 ; 4
766.4 ; 0.2 ; 0.26 ; 0.05 ; g ; U-234 ; 6 ; 1
769.1 ; 0.1 ; 0.187 ; 0.020 ; g ; U-234 ; 58 ; 15
772.4 ; 0.2 ; 0.073 ; 0.022 ; g ; U-234 ; 54 ; 13
778.6 ; 0.2 ; 0.046 ; 0.010 ; g ; U-234 ; -1 ; 7
780.4 ; 0.2 ; 0.90 ; 0.09 ; g ; U-234 ; 30 ; 4
783.4 ; 0.1 ; 0.30 ; 0.04 ; g ; U-234 ; 9 ; 2
786.272 ; 0.022 ; 1.21 ; 0.13 ; g ; U-234 ; 5 ; 0
792.8 ; 0.3 ; 0.045 ; 0.011 ; g ; U-234 ; 54 ; 12
794.9 ; 0.2 ; 0.68 ; 0.11 ; g ; U-234 ; 18 ; 3
796.1 ; 0.1 ; 2.6 ; 0.3 ; g ; U-234 ; 51 ; 9
802.3 ; 0.2 ; 0.031 ; 0.009 ; g ; U-234 ; 55 ; 12
804.1 ; 0.1 ; 0.62 ; 0.22 ; g ; U-234 ; 10 ; 2
805.80 ; 0.05 ; 2.5 ; 0.3 ; g ; U-234 ; 7 ; 1
808.4 ; 0.3 ; 0.036 ; 0.011 ; g ; U-234 ; 8 ; 1
811.5 ; 0.1 ; 0.125 ; 0.015 ; g ; U-234 ; 53 ; 9
814.2 ; 0.1 ; 0.31 ; 0.04 ; g ; U-234 ; 56 ; 12
819.2 ; 0.1 ; 1.9 ; 0.2 ; g ; U-234 ; 11 ; 2
824.2 ; 0.2 ; 1.25 ; 0.15 ; g ; U-234 ; -1 ; 8
825.1 ; 0.2 ; 1.9 ; 0.2 ; g ; U-234 ; 12 ; 2
829.3 ; 0.2 ; 0.36 ; 0.11 ; g ; U-234 ; 20 ; 3
831.5 ; 0.1 ; 4.2 ; 0.5 ; g ; U-234 ; 22 ; 3
839.5 ; 0.1 ; 0.031 ; 0.008 ; g ; U-234 ; 75 ; 28
844.1 ; 0.1 ; 0.43 ; 0.05 ; g ; U-234 ; 49 ; 7
846.1 ; 0.2 ; 0.052 ; 0.012 ; g ; U-234 ; -1 ; 9
848.9 ; 0.2 ; 0.027 ; 0.008 ; g ; U-234 ; 59 ; 11
851.8 ; 0.1 ; 0.073 ; 0.022 ; g ; U-234 ; 8 ; 0
857.7 ; 0.2 ; 0.036 ; 0.008 ; g ; U-234 ; 57 ; 9
863.2 ; 0.2 ; 0.073 ; 0.022 ; g ; U-234 ; 59 ; 10
869.7 ; 0.1 ; 0.20 ; 0.03 ; g ; U-234 ; 77 ; 29
874.0 ; 0.3 ; 0.036 ; 0.008 ; g ; U-234 ; 50 ; 7
876.0 ; 0.1 ; 2.55 ; 0.23 ; g ; U-234 ; 24 ; 3
880.52 ; 0.04 ; 10.5 ; 1.0 ; g ; U-234 ;  ; 
883.24 ; 0.04 ; 9.7 ; 1.1 ; g ; U-234 ; 9 ; 1
890.1 ; 0.4 ; 0.027 ; 0.008 ; g ; U-234 ; 66 ; 16
898.67 ; 0.05 ; 3.3 ; 0.4 ; g ; U-234 ; 25 ; 3
904.2 ; 0.1 ; 0.34 ; 0.04 ; g ; U-234 ; 10 ; 1
916.5 ; 0.2 ; 0.024 ; 0.007 ; g ; U-234 ; 65 ; 15
918.4 ; 0.1 ; 0.100 ; 0.014 ; g ; U-234 ; 26 ; 3
920.5 ; 0.2 ; 0.029 ; 0.008 ; g ; U-234 ; -1 ; 10
925.0 ; 0.1 ; 7.9 ; 0.9 ; g ; U-234 ; 12 ; 1
926.0 ; 0.2 ; 1.8 ; 1.3 ; g ; U-234 ; 16 ; 2
926.7 ; 0.1 ; 7.3 ; 1.2 ; g ; U-234 ; 9 ; 0
935.8 ; 0.2 ; 0.067 ; 0.010 ; g ; U-234 ; 66 ; 15
942.0 ; 0.3 ; 0.046 ; 0.009 ; g ; U-234 ; 17 ; 2
946.00 ; 0.03 ; 13.5 ; 1.5 ; g ; U-234 ; 13 ; 1
947.7 ; 0.2 ; 1.63 ; 0.21 ; g ; U-234 ; 18 ; 2
952.7 ; 0.1 ; 0.083 ; 0.013 ; g ; U-234 ; 19 ; 2
960.0 ; 0.1 ; 0.073 ; 0.013 ; g ; U-234 ; 59 ; 8
965.8 ; 0.1 ; 0.48 ; 0.06 ; g ; U-234 ; 28 ; 3
975.1 ; 0.1 ; 0.027 ; 0.008 ; g ; U-234 ; 73 ; 18
978.2 ; 0.3 ; 0.090 ; 0.023 ; g ; U-234 ; 29 ; 3
980.3 ; 0.1 ; 4.47 ;  ; g ; U-234 ;  ; 
981.6 ; 0.3 ; 0.73 ; 0.22 ; g ; U-234 ; 30 ; 3
984.2 ; 0.1 ; 1.63 ; 0.21 ; g ; U-234 ; 22 ; 2
989.5 ; 0.1 ; 0.104 ; 0.014 ; g ; U-234 ; 63 ; 9
992.0 ; 0.2 ; 0.083 ; 0.022 ; g ; U-234 ; -1 ; 11
994.6 ; 0.3 ; 0.062 ; 0.022 ; g ; U-234 ; 60 ; 7
997.7 ; 0.3 ; 0.046 ; 0.012 ; g ; U-234 ; 73 ; 16
1009.9 ; 0.3 ; 0.067 ; 0.012 ; g ; U-234 ; 71 ; 15
1019.5 ; 0.4 ; 0.027 ; 0.008 ; g ; U-234 ; 76 ; 19
1021.8 ; 0.2 ; 0.15 ; 0.04 ; g ; U-234 ; 23 ; 2
1023.6 ; 0.2 ; 0.062 ; 0.022 ; g ; U-234 ; -1 ; 12
1025.3 ; 0.2 ; 0.052 ; 0.022 ; g ; U-234 ; -1 ; 13
1028.7 ; 0.1 ; 0.57 ; 0.06 ; g ; U-234 ; 24 ; 2
1032.8 ; 0.2 ; 0.018 ; 0.005 ; g ; U-234 ; 75 ; 16
1035.9 ; 0.2 ; 0.026 ; 0.010 ; g ; U-234 ; -1 ; 14
1037.9 ; 0.2 ; 0.018 ; 0.007 ; g ; U-234 ; 69 ; 11
1041.1 ; 0.2 ; 0.032 ; 0.011 ; g ; U-234 ; 17 ; 1
1044.4 ; 0.2 ; 0.031 ; 0.003 ; g ; U-234 ; 32 ; 3
1051.4 ; 0.2 ; 0.062 ; 0.012 ; g ; U-234 ; 70 ; 12
1057.8 ; 0.3 ; 0.0177 ; 0.0016 ; g ; U-234 ; 70 ; 11
1065.1 ; 0.1 ; 0.027 ; 0.008 ; g ; U-234 ; 71 ; 12
1073.6 ; 0.2 ; 0.104 ; 0.014 ; g ; U-234 ; 69 ; 9
1083.2 ; 0.1 ; 0.51 ; 0.06 ; g ; U-234 ; 21 ; 1
1085.3 ; 0.3 ; 0.027 ; 0.008 ; g ; U-234 ; 17 ; 0
1106.9 ; 0.2 ; 0.083 ; 0.013 ; g ; U-234 ; 71 ; 9
1110.6 ; 0.1 ; 0.062 ; 0.012 ; g ; U-234 ; 66 ; 7
1121.7 ; 0.1 ; 0.25 ; 0.04 ; g ; U-234 ; 23 ; 1
1125.2 ; 0.1 ; 0.36 ; 0.08 ; g ; U-234 ; 33 ; 3
1126.8 ; 0.1 ; 0.30 ; 0.04 ; g ; U-234 ; 21 ; 0
1151.4 ; 0.3 ; 0.032 ; 0.010 ; g ; U-234 ; 34 ; 3
1153.5 ; 0.3 ; 0.046 ; 0.009 ; g ; U-234 ; 76 ; 11
1171.3 ; 0.1 ; 0.090 ; 0.013 ; g ; U-234 ; 26 ; 1
1173.1 ; 0.1 ; 0.046 ; 0.009 ; g ; U-234 ; 66 ; 5
1182.1 ; 0.2 ; 0.0094 ;  ; g ; U-234 ; 71 ; 8
1193.77 ; 0.02 ; 0.021 ; 0.006 ; g ; U-234 ; 27 ; 1
1217.3 ; 0.1 ; 0.22 ; 0.03 ; g ; U-234 ; 77 ; 9
1220.4 ; 0.2 ; 0.062 ; 0.012 ; g ; U-234 ; -1 ; 15
1237.3 ; 0.3 ; 0.0094 ;  ; g ; U-234 ; 27 ; 0
1241.2 ; 0.1 ; 0.23 ; 0.03 ; g ; U-234 ; 40 ; 3
1247.8 ; 0.2 ; 0.022 ; 0.006 ; g ; U-234 ; 41 ; 3
1252.6 ; 0.2 ; 0.018 ; 0.008 ; g ; U-234 ; 42 ; 3
1256.5 ; 0.1 ; 0.059 ; 0.008 ; g ; U-234 ; 43 ; 3
1277.7 ; 0.2 ; 0.045 ; 0.009 ; g ; U-234 ; 33 ; 2
1292.8 ; 0.1 ; 0.47 ; 0.06 ; g ; U-234 ; 45 ; 3
1296.4 ; 0.2 ; 0.029 ; 0.007 ; g ; U-234 ; -1 ; 16
1301.2 ; 0.2 ; 0.018 ; 0.005 ; g ; U-234 ; -1 ; 17
1327.0 ; 0.2 ; 0.018 ; 0.005 ; g ; U-234 ; -1 ; 18
1342.9 ; 0.2 ; 0.012 ; 0.005 ; g ; U-234 ; 36 ; 2
1352.9 ; 0.1 ; 1.16 ; 0.12 ; g ; U-234 ; 37 ; 2
1354.6 ; 0.2 ; 0.14 ; 0.04 ; g ; U-234 ; 47 ; 3
1359.0 ; 0.1 ; 0.156 ; 0.025 ; g ; U-234 ; 38 ; 2
1389.6 ; 0.2 ; 0.073 ; 0.022 ; g ; U-234 ; 39 ; 2
1393.9 ; 0.1 ; 2.08 ; 0.21 ; g ; U-234 ; 40 ; 2
1397.5 ; 0.2 ; 0.083 ; 0.022 ; g ; U-234 ; 49 ; 3
1400.3 ; 0.1 ; 0.18 ; 0.03 ; g ; U-234 ; 41 ; 2
1409.1 ; 0.2 ; 0.045 ; 0.010 ; g ; U-234 ; 43 ; 2
1414.4 ; 0.2 ; 0.0028 ;  ; g ; U-234 ; 35 ; 1
1426.9 ; 0.1 ; 0.17 ; 0.03 ; g ; U-234 ; 51 ; 3
1442.8 ; 0.2 ; 0.031 ; 0.007 ; g ; U-234 ; 36 ; 1
1445.4 ; 0.1 ; 0.32 ; 0.05 ; g ; U-234 ; 45 ; 2
1452.7 ; 0.1 ; 0.81 ; 0.09 ; g ; U-234 ; 37 ; 1
1458.9 ; 0.1 ; 0.094 ; 0.023 ; g ; U-234 ; 38 ; 1
1475.8 ; 0.2 ; 0.008 ; 0.004 ; g ; U-234 ; 46 ; 2
1485.4 ; 0.2 ; 0.030 ; 0.007 ; g ; U-234 ; 56 ; 3
1488.0 ; 0.2 ; 0.014 ; 0.006 ; g ; U-234 ; 57 ; 3
1493.6 ; 0.1 ; 0.104 ; 0.014 ; g ; U-234 ; 40 ; 1
1496.0 ; 0.2 ; 0.036 ; 0.009 ; g ; U-234 ; 58 ; 3
1500.0 ; 0.2 ; 0.011 ; 0.004 ; g ; U-234 ; 41 ; 1
1507.3 ; 0.2 ; 0.020 ; 0.005 ; g ; U-234 ; -1 ; 19
1510.1 ; 0.2 ; 0.0094 ;  ; g ; U-234 ; 48 ; 2
1515.6 ; 0.2 ; 0.073 ; 0.013 ; g ; U-234 ; 59 ; 3
1520.7 ; 0.2 ; 0.0094 ; 0.0009 ; g ; U-234 ; -1 ; 20
1538.8 ; 0.2 ; 0.014 ; 0.004 ; g ; U-234 ; -1 ; 21
1550.1 ; 0.1 ; 0.073 ; 0.013 ; g ; U-234 ; 49 ; 2
1567.0 ; 0.2 ; 0.0114 ; 0.0023 ; g ; U-234 ; 61 ; 3
1579.9 ; 0.1 ; 0.073 ; 0.022 ; g ; U-234 ; 51 ; 2
1585.9 ; 0.1 ; 0.146 ; 0.017 ; g ; U-234 ; 62 ; 3
1594.0 ; 0.1 ; 0.31 ; 0.04 ; g ; U-234 ; 52 ; 2
1618.3 ; 0.2 ; 0.009 ; 0.004 ; g ; U-234 ; 54 ; 2
1627.3 ; 0.1 ; 0.076 ; 0.011 ; g ; U-234 ; 55 ; 2
1638.1 ; 0.1 ; 0.208 ; 0.021 ; g ; U-234 ; 56 ; 2
1640.5 ; 0.3 ; 0.010 ; 0.004 ; g ; U-234 ; 57 ; 2
1644.9 ; 0.2 ; 0.010 ; 0.004 ; g ; U-234 ; 65 ; 3
1650.2 ; 0.2 ; 0.006 ;  ; g ; U-234 ; 58 ; 2
1655.7 ; 0.1 ; 0.026 ; 0.004 ; g ; U-234 ; -1 ; 22
1664.8 ; 0.3 ; 0.018 ; 0.007 ; g ; U-234 ; -1 ; 23
1668.4 ; 0.1 ; 0.77 ; 0.09 ; g ; U-234 ; 59 ; 2
1672.8 ; 0.1 ; 0.034 ; 0.011 ; g ; U-234 ; 67 ; 3
1679.5 ; 0.1 ; 0.077 ; 0.018 ; g ; U-234 ; 50 ; 1
1685.7 ; 0.1 ; 0.31 ; 0.04 ; g ; U-234 ; 68 ; 3
1693.8 ; 0.2 ; 0.7 ; 0.1 ; g ; U-234 ; 52 ; 1
1695.0 ; 0.3 ; 0.27 ; 0.07 ; g ; U-234 ; 53 ; 1
1700.5 ; 0.2 ; 0.104 ; 0.014 ; g ; U-234 ; 60 ; 2
1719.7 ; 0.2 ; 0.018 ; 0.006 ; g ; U-234 ; 61 ; 2
1723.2 ; 0.2 ; 0.016 ; 0.004 ; g ; U-234 ; 70 ; 3
1727.8 ; 0.2 ; 0.020 ; 0.005 ; g ; U-234 ; 55 ; 1
1737.7 ; 0.2 ; 0.075 ; 0.011 ; g ; U-234 ; 62 ; 2
1741.1 ; 0.2 ; 0.049 ; 0.008 ; g ; U-234 ; 72 ; 3
1743.2 ; 0.2 ; 0.033 ; 0.008 ; g ; U-234 ; -1 ; 24
1750.0 ; 0.1 ; 0.064 ; 0.010 ; g ; U-234 ; 58 ; 1
1757.5 ; 0.1 ; 0.024 ; 0.006 ; g ; U-234 ; -1 ; 25
1768.0 ; 0.3 ; 0.020 ; 0.005 ; g ; U-234 ; 59 ; 1
1770.8 ; 0.2 ; 0.068 ; 0.017 ; g ; U-234 ; 73 ; 3
1773.0 ; 0.2 ; 0.068 ; 0.017 ; g ; U-234 ; 63 ; 2
1783.7 ; 0.2 ; 0.025 ; 0.007 ; g ; U-234 ; 64 ; 2
1797.1 ; 0.1 ; 0.24 ; 0.03 ; g ; U-234 ; 65 ; 2
1805.8 ; 0.3 ; 0.0052 ; 0.0022 ; g ; U-234 ; 75 ; 3
1815.3 ; 0.3 ; 0.009 ; 0.004 ; g ; U-234 ; 66 ; 2
1819.8 ; 0.3 ; 0.0042 ; 0.0011 ; g ; U-234 ; 76 ; 3
1825.1 ; 0.3 ; 0.009 ; 0.004 ; g ; U-234 ; 67 ; 2
1830.8 ; 0.3 ; 0.0042 ; 0.0011 ; g ; U-234 ; -1 ; 26
1838.0 ; 0.2 ; 0.0042 ; 0.0011 ; g ; U-234 ; 68 ; 2
1849.8 ; 0.2 ; 0.028 ; 0.007 ; g ; U-234 ; -1 ; 27
1872.8 ; 0.2 ; 0.035 ; 0.009 ; g ; U-234 ; 63 ; 1
1884.1 ; 0.3 ; 0.016 ; 0.005 ; g ; U-234 ; 64 ; 1
1890.1 ; 0.2 ; 0.146 ; 0.017 ; g ; U-234 ; 71 ; 2
1893.4 ; 0.3 ; 0.0062 ;  ; g ; U-234 ; 72 ; 2
1896.7 ; 0.2 ; 0.104 ; 0.023 ; g ; U-234 ; 65 ; 1
1915.5 ; 0.3 ; 0.020 ; 0.005 ; g ; U-234 ; 66 ; 1
1925.4 ; 0.2 ; 0.30 ; 0.05 ; g ; U-234 ; 74 ; 2
1927.9 ; 0.4 ; 0.054 ; 0.012 ; g ; U-234 ; -1 ; 28
1935.2 ; 0.4 ; 0.0094 ;  ; g ; U-234 ; -1 ; 29
1937.7 ; 0.3 ; 0.042 ; 0.011 ; g ; U-234 ; 68 ; 1
1958.0 ; 0.4 ; 0.010 ; 0.003 ; g ; U-234 ; 75 ; 2
1971.2 ; 0.4 ; 0.0027 ;  ; g ; U-234 ; 76 ; 2
1977.4 ; 0.4 ; 0.017 ; 0.005 ; g ; U-234 ; 70 ; 1
1989.6 ; 0.4 ; 0.007 ; 0.004 ; g ; U-234 ; 71 ; 1
2072.2 ; 0.4 ; 0.0042 ; 0.0022 ; g ; U-234 ; 76 ; 1
==========================================================================================================
