Nuclide ; Pa-234m 
Element ; Protactinium
Z ; 91
Daughter(s) ; (I.T.) ; Pa-234 ; 0.15 ; (B-) ; U-234 ; 99.85
QIT ; 73.92 ; Q- ; 2269
Half-life (min) ; 1.159 ; 0.011
Half-life (s) ; 69.5 ; 0.7
Decay constant (1/s) ; 9.97E-3 ; 0.09E-3
Specific activity (Bq/g) ; 25.65E18 ; 0.24E18
Reference ; CNDC - 2010
Emissions (143 lines) sorted by increasing energy
----------------------------------------------------------------------------------------------------------
Energy (keV) ; Ener. unc. (keV) ; Intensity (%) ; Int. unc. (%) ; Type ; Origin ; Lvl. start ; Lvl. end
15.7401 ;  ; 0.0486 ; 0.0025 ; XL ; Pa-234 ;  ; 
16.1663 ;  ; 0.541 ; 0.010 ; XL ; U-234 ;  ; 
43.49 ; 0.02 ; 0.00198 ; 0.00002 ; g ; U-234 ; 1 ; 0
62.70 ; 0.01 ; 0.0013 ; 0.0004 ; g ; U-234 ; 8 ; 7
73.92 ; 0.02 ; 0.0129 ; 0.0009 ; g ; Pa-234 ; 1 ; 0
94.666 ;  ; 0.0070 ; 0.0009 ; XKa2 ; U-234 ;  ; 
98.44 ;  ; 0.0112 ; 0.0014 ; XKa1 ; U-234 ;  ; 
99.86 ; 0.02 ; 0.00057 ; 0.00005 ; g ; U-234 ; 2 ; 1
111.2277 ;  ; 0.0040 ; 0.0005 ; XK'b1 ; U-234 ;  ; 
114.932 ;  ; 0.00138 ; 0.00018 ; XK'b2 ; U-234 ;  ; 
135.32 ; 0.08 ; 0.0000042 ; 0.0000005 ; g ; U-234 ; 18 ; 14
137.23 ; 0.05 ; 0.000048 ; 0.000017 ; g ; U-234 ; 11 ; 8
140.1 ; 1.0 ; 0.00127 ;  ; g ; U-234 ; 8 ; 5
166.5 ; 0.1 ; 0.000000237 ; 0.000000005 ; g ; U-234 ; 20 ; 14
185.0 ; 0.4 ; 0.00172 ; 0.00015 ; g ; U-234 ; 12 ; 8
193.4 ; 0.8 ; 0.00072 ; 0.00015 ; g ; U-234 ; 9 ; 6
197.91 ; 0.15 ; 0.000027 ; 0.000007 ; g ; U-234 ; 14 ; 13
199.9 ; 1.0 ; 0.00058 ; 0.00012 ; g ; U-234 ; 11 ; 7
203.3 ; 0.8 ; 0.00119 ; 0.00009 ; g ; U-234 ; 8 ; 3
209.9 ; 0.4 ; 0.00132 ; 0.00015 ; g ; U-234 ; 23 ; 18
235.9 ; 0.3 ; 0.00009 ; 0.00004 ; g ; U-234 ; 10 ; 5
243.5 ; 0.8 ; 0.00050 ; 0.00009 ; g ; U-234 ; -1 ; 1
247.7 ; 0.8 ; 0.00097 ; 0.00022 ; g ; U-234 ; 13 ; 8
258.227 ; 0.003 ; 0.0738 ; 0.0008 ; g ; U-234 ; 9 ; 3
275.5 ; 0.8 ; 0.00031 ; 0.00006 ; g ; U-234 ; 11 ; 6
299 ; 1 ; 0.00064 ; 0.00013 ; g ; U-234 ; 10 ; 3
311 ; 1 ; 0.00052 ; 0.00011 ; g ; U-234 ; 13 ; 7
316.7 ; 0.1 ; 0.00019 ; 0.00005 ; g ; U-234 ; 11 ; 4
338.1 ; 0.8 ; 0.00113 ; 0.00023 ; g ; U-234 ; 24 ; 15
340.2 ; 0.1 ; 0.000072 ; 0.000021 ; g ; U-234 ; 11 ; 3
357.5 ; 1.0 ; 0.00080 ; 0.00017 ; g ; U-234 ; 28 ; 17
362.8 ; 1.0 ; 0.00069 ; 0.00015 ; g ; U-234 ; 24 ; 14
387.6 ; 0.8 ; 0.00144 ; 0.00016 ; g ; U-234 ;  ; 
427.4 ; 0.2 ; 0.000020 ; 0.000005 ; g ; U-234 ; 13 ; 4
445.91 ; 0.10 ; 0.000031 ; 0.000007 ; g ; U-234 ; 14 ; 8
450.98 ; 0.10 ; 0.00310 ; 0.00013 ; g ; U-234 ; 13 ; 3
453.58 ; 0.10 ; 0.00213 ; 0.00012 ; g ; U-234 ; 28 ; 15
456.7 ; 1.0 ; 0.00072 ; 0.00015 ; g ; U-234 ; 22 ; 13
468.43 ; 0.10 ; 0.00206 ; 0.00012 ; g ; U-234 ; 17 ; 10
475.74 ; 0.10 ; 0.00237 ; 0.00013 ; g ; U-234 ; 28 ; 14
485.44 ; 0.07 ; 0.0000187 ; 0.0000017 ; g ; U-234 ; 18 ; 10
507.5 ; 1.0 ; 0.00158 ; 0.00015 ; g ; U-234 ; 19 ; 10
509.2 ; 0.8 ; 0.0022 ; 0.0003 ; g ; U-234 ; 17 ; 9
516.60 ; 0.06 ; 0.0000122 ; 0.0000016 ; g ; U-234 ; 20 ; 10
526.02 ; 0.10 ; 0.000009 ; 0.000001 ; g ; U-234 ; 18 ; 9
543.98 ; 0.10 ; 0.00349 ; 0.00015 ; g ; U-234 ; 23 ; 13
557.24 ; 0.06 ; 0.0000083 ; 0.0000011 ; g ; U-234 ; 20 ; 9
557.3 ; 1.0 ; 0.00072 ; 0.00017 ; g ; U-234 ; -1 ; 2
572 ; 1 ; 0.00087 ; 0.00017 ; g ; U-234 ; 25 ; 13
581.19 ; 0.10 ; 0.000080 ; 0.000009 ; g ; U-234 ; 18 ; 8
624.6 ; 1.0 ; 0.000116 ; 0.000012 ; g ; U-234 ; 14 ; 4
647.7 ; 0.8 ; 0.00158 ; 0.00015 ; g ; U-234 ; -1 ; 3
649 ; 1 ; 0.00106 ; 0.00030 ; g ; U-234 ;  ; 
655.3 ; 1.0 ; 0.00139 ; 0.00015 ; g ; U-234 ; 23 ; 11
670.8 ; 1.0 ; 0.00037 ; 0.00009 ; g ; U-234 ; 15 ; 3
673.9 ; 1.0 ; 0.00064 ; 0.00013 ; g ; U-234 ; 28 ; 13
683.4 ; 1.0 ; 0.00058 ; 0.00012 ; g ; U-234 ; 25 ; 11
691.0 ; 0.3 ; 0.00898 ; 0.00019 ; g ; U-234 ; 16 ; 4
695.5 ; 1.0 ; 0.00164 ; 0.00014 ; g ; U-234 ; 23 ; 10
699.02 ; 0.10 ; 0.0058 ; 0.0003 ; g ; U-234 ; 29 ; 13
702.0 ; 0.1 ; 0.00721 ; 0.00016 ; g ; U-234 ; 17 ; 6
705.94 ; 0.12 ; 0.0052 ; 0.0006 ; g ; U-234 ; 5 ; 2
708.2 ; 1.0 ; 0.0007 ;  ; g ; U-234 ; 6 ; 2
719.01 ; 0.07 ; 0.0000256 ; 0.0000020 ; g ; U-234 ; 18 ; 6
732.5 ; 1.0 ; 0.00130 ; 0.00015 ; g ; U-234 ; 30 ; 13
740.10 ; 0.08 ; 0.0118 ; 0.0003 ; g ; U-234 ; 19 ; 6
742.813 ; 0.005 ; 0.094 ; 0.003 ; g ; U-234 ; 3 ; 1
750.12 ; 0.06 ; 0.000017 ; 0.000002 ; g ; U-234 ; 20 ; 6
760.3 ; 1.0 ; 0.00158 ; 0.00015 ; g ; U-234 ; -1 ; 4
760.53 ; 0.15 ; 0.0000043 ; 0.0000009 ; g ; U-234 ; 18 ; 4
766.361 ; 0.020 ; 0.323 ; 0.004 ; g ; U-234 ; 4 ; 1
781.75 ; 0.10 ; 0.00782 ; 0.00018 ; g ; U-234 ; 19 ; 4
783.4 ; 0.1 ; 0.000039 ; 0.000007 ; g ; U-234 ; 7 ; 2
786.272 ; 0.022 ; 0.0536 ; 0.0007 ; g ; U-234 ; 3 ; 0
791.94 ; 0.05 ; 0.0000099 ; 0.0000013 ; g ; U-234 ; 20 ; 4
805.75 ; 0.10 ; 0.0062 ; 0.0008 ; g ; U-234 ; 5 ; 1
808.2 ; 0.1 ; 0.00281 ; 0.00017 ; g ; U-234 ; 6 ; 1
818.2 ; 0.5 ; 0.0010 ; 0.0003 ; g ; U-234 ; 21 ; 5
825.5 ; 0.2 ; 0.0014 ; 0.0004 ; g ; U-234 ; 28 ; 10
844.1 ; 0.8 ; 0.00109 ; 0.00023 ; g ; U-234 ; 22 ; 5
851.6 ; 0.1 ; 0.00696 ; 0.00015 ; g ; U-234 ; 6 ; 0
866.8 ; 1.0 ; 0.00116 ; 0.00016 ; g ; U-234 ; 28 ; 9
880.52 ; 0.04 ; 0.00392 ; 0.00005 ; g ; U-234 ; 21 ; 3
883.24 ; 0.03 ; 0.00381 ; 0.00005 ; g ; U-234 ; 7 ; 1
887.3 ; 1.0 ; 0.00708 ; 0.00014 ; g ; U-234 ; -1 ; 5
921.72 ; 0.10 ; 0.01275 ; 0.00020 ; g ; U-234 ; 28 ; 8
926.61 ; 0.10 ; 0.00125 ; 0.00013 ; g ; U-234 ; 7 ; 0
936.3 ; 1.0 ; 0.00102 ; 0.00017 ; g ; U-234 ; 26 ; 7
941.96 ; 0.10 ; 0.00250 ; 0.00009 ; g ; U-234 ; 10 ; 2
945.961 ; 0.016 ; 0.01060 ; 0.00014 ; g ; U-234 ; 8 ; 1
960 ; 1 ; 0.0009 ; 0.0003 ; g ; U-234 ; 25 ; 5
996.1 ; 2.0 ; 0.0059 ; 0.0017 ; g ; U-234 ; 23 ; 3
1001.026 ; 0.018 ; 0.847 ; 0.008 ; g ; U-234 ; 9 ; 1
1041.7 ; 0.1 ; 0.00119 ; 0.00008 ; g ; U-234 ; 10 ; 1
1059.4 ; 0.8 ; 0.00111 ; 0.00022 ; g ; U-234 ; 28 ; 6
1061.86 ; 0.10 ; 0.00224 ; 0.00009 ; g ; U-234 ; 28 ; 5
1081.9 ; 1.0 ; 0.00091 ; 0.00019 ; g ; U-234 ; 11 ; 1
1084.25 ; 0.10 ; 0.0008 ; 0.0004 ; g ; U-234 ; 10 ; 0
1120.6 ; 0.8 ; 0.00173 ; 0.00015 ; g ; U-234 ; 30 ; 5
1124.93 ; 0.10 ; 0.00386 ; 0.00013 ; g ; U-234 ;  ; 
1174.2 ; 1.0 ; 0.00192 ; 0.00019 ; g ; U-234 ; 12 ; 0
1193.77 ; 0.03 ; 0.01359 ; 0.00018 ; g ; U-234 ; 13 ; 1
1220.37 ; 0.10 ; 0.00091 ; 0.00009 ; g ; U-234 ; -1 ; 6
1237.28 ; 0.10 ; 0.00528 ; 0.00011 ; g ; U-234 ; 13 ; 0
1353.0 ; 1.5 ; 0.0015 ; 0.0005 ; g ; U-234 ; -1 ; 7
1392.6 ; 0.9 ; 0.0029 ; 0.0011 ; g ; U-234 ; 14 ; 1
1413.89 ; 0.10 ; 0.00229 ; 0.00008 ; g ; U-234 ; 15 ; 1
1434.16 ; 0.10 ; 0.00973 ; 0.00016 ; g ; U-234 ; 14 ; 0
1458.5 ; 1.5 ; 0.0019 ; 0.0005 ; g ; U-234 ; 16 ; 1
1501 ; 2 ; 0.0013 ;  ; g ; U-234 ; 16 ; 0
1510.22 ; 0.10 ; 0.01308 ; 0.00019 ; g ; U-234 ; 17 ; 1
1527.28 ; 0.10 ; 0.00235 ; 0.00008 ; g ; U-234 ; 18 ; 1
1550.1 ; 1.0 ; 0.00137 ; 0.00015 ; g ; U-234 ; 19 ; 1
1553.77 ; 0.10 ; 0.00826 ; 0.00014 ; g ; U-234 ; 17 ; 0
1558.4 ; 1.0 ; 0.00073 ; 0.00009 ; g ; U-234 ; 20 ; 1
1570.67 ; 0.10 ; 0.00110 ; 0.00008 ; g ; U-234 ; 18 ; 0
1593.5 ; 0.6 ; 0.00235 ; 0.00012 ; g ; U-234 ; 19 ; 0
1601.8 ; 1.5 ; 0.00047 ; 0.00022 ; g ; U-234 ; 20 ; 0
1667.6 ; 1.0 ; 0.00118 ; 0.00006 ; g ; U-234 ; 21 ; 0
1694.1 ; 1.0 ; 0.00038 ; 0.00002 ; g ; U-234 ; 22 ; 0
1720.5 ; 1.5 ; 0.00033 ; 0.00015 ; g ; U-234 ; -1 ; 8
1732.2 ; 1.5 ; 0.0019 ; 0.0003 ; g ; U-234 ; -1 ; 9
1737.77 ; 0.10 ; 0.0214 ; 0.0003 ; g ; U-234 ; 23 ; 1
1759.81 ; 0.10 ; 0.00146 ; 0.00005 ; g ; U-234 ; -1 ; 10
1765.44 ; 0.10 ; 0.0084 ; 0.0006 ; g ; U-234 ; 25 ; 1
1796.3 ; 0.9 ; 0.00031 ; 0.00005 ; g ; U-234 ; 24 ; 0
1809.05 ; 0.10 ; 0.00376 ; 0.00007 ; g ; U-234 ; 25 ; 0
1819.69 ; 0.10 ; 0.00089 ; 0.00005 ; g ; U-234 ; 26 ; 1
1831.37 ; 0.10 ; 0.01759 ; 0.00023 ; g ; U-234 ; 27 ; 1
1863.09 ; 0.10 ; 0.00120 ; 0.00005 ; g ; U-234 ; 26 ; 0
1867.7 ; 0.1 ; 0.00932 ; 0.00012 ; g ; U-234 ; 28 ; 1
1874.9 ; 0.1 ; 0.00819 ; 0.00014 ; g ; U-234 ; 27 ; 0
1893.51 ; 0.11 ; 0.00218 ; 0.00006 ; g ; U-234 ; 29 ; 1
1911.20 ; 0.11 ; 0.00628 ; 0.00009 ; g ; U-234 ; 28 ; 0
1926.5 ; 1.0 ; 0.00045 ; 0.00004 ; g ; U-234 ; 30 ; 1
1937.01 ; 0.13 ; 0.00285 ; 0.00005 ; g ; U-234 ; 29 ; 0
1970.3 ; 0.8 ; 0.00041 ; 0.00004 ; g ; U-234 ; 30 ; 0
2022.24 ; 0.12 ; 0.000186 ; 0.000003 ; g ; U-234 ; -1 ; 11
2041.23 ; 0.13 ; 0.00011 ; 0.00001 ; g ; U-234 ; -1 ; 12
2065.80 ; 0.13 ; 0.00007 ;  ; g ; U-234 ; -1 ; 13
2093.19 ; 0.38 ; 0.00002 ;  ; g ; U-234 ; -1 ; 14
2102.14 ; 0.15 ; 0.00006 ;  ; g ; U-234 ; -1 ; 15
2136.69 ; 0.14 ; 0.00007 ;  ; g ; U-234 ; -1 ; 16
==========================================================================================================
