спектров понятной части: 42
spectrum                  lin      q3m      q4m      q5m       q3       q4       q5 | оп.linоп.q3mоп.q4mоп.q5m оп.q3 оп.q4 оп.q5 |   стр.lin  стр.q3m  стр.q4m  стр.q5m   стр.q3   стр.q4   стр.q5
AS80_Cs137_0cm           8.40     8.40     8.40     8.40     8.40     8.40     8.40 |      2     2     2     2     2     2     2 |      0.00     0.00     0.00     0.00     0.00     0.00     0.00
AS80_Lu176               5.76     5.76     5.76     5.76     5.76     5.76     5.76 |      2     2     2     2     2     2     2 |      0.00     0.00     0.00     0.00     0.00     0.00     0.00
ASN16_Lu176              3.16     3.16     3.16     3.16     3.16     3.16     3.16 |      2     2     2     2     2     2     2 |      0.00     0.00     0.00     0.00     0.00     0.00     0.00
ASN16_Lu176_P0           0.36     0.36     0.36     0.36     0.36     0.36     0.36 |      2     2     2     2     2     2     2 |      0.00     0.00     0.00     0.00     0.00     0.00     0.00
G1S16_Am241_P25          2.66     2.66     2.66     2.66     2.66     2.66     2.66 |      1     1     1     1     1     1     1 |      0.00     0.00     0.00     0.00     0.00     0.00     0.00
G1S16_Am241_P5           5.95     5.95     5.95     5.95     5.95     5.95     5.95 |      1     1     1     1     1     1     1 |      0.00     0.00     0.00     0.00     0.00     0.00     0.00
G1S16_Ba133_P25          3.10     2.86     3.10     3.10     2.76     2.76     3.10 |      3     4     3     3     4     4     3 |      0.00  -576.21     0.00     0.00  -606.06  -606.06     0.00
G1S16_Ba133_P5          13.02    11.99    13.02    13.02    10.34    10.34    13.02 |      3     3     3     3     3     3     3 |      0.00  -176.39     0.00     0.00  -671.14  -671.14     0.00
G1S16_Cd109_P25          1.46     1.46     1.46     1.46     1.46     1.46     1.46 |      2     2     2     2     2     2     2 |      0.00     0.00     0.00     0.00     0.00     0.00     0.00
G1S16_Cd109_P5           3.06     3.06     3.06     3.06     3.06     3.06     3.06 |      2     2     2     2     2     2     2 |      0.00     0.00     0.00     0.00     0.00     0.00     0.00
G1S16_Ce139_P25          1.32     1.32     1.32     1.32     1.32     1.32     1.32 |      2     2     2     2     2     2     2 |      0.00     0.00     0.00     0.00     0.00     0.00     0.00
G1S16_Ce139_P5           3.12     3.12     3.12     3.12     3.12     3.12     3.12 |      2     2     2     2     2     2     2 |      0.00     0.00     0.00     0.00     0.00     0.00     0.00
G1S16_Co57_P5            1.02     1.02     1.02     1.02     1.02     1.02     1.02 |      1     1     1     1     1     1     1 |      0.00     0.00     0.00     0.00     0.00     0.00     0.00
G1S16_Co60_P25           1.68     1.68     1.68     1.68     1.68     1.68     1.68 |      2     2     2     2     2     2     2 |      0.00     0.00     0.00     0.00     0.00     0.00     0.00
G1S16_Co60_P5            9.63     9.63     9.63     9.63     9.63     9.63     9.63 |      2     2     2     2     2     2     2 |      0.00     0.00     0.00     0.00     0.00     0.00     0.00
G1S16_Cs137_P25          1.95     1.95     1.95     1.95     1.95     1.95     1.95 |      2     2     2     2     2     2     2 |      0.00     0.00     0.00     0.00     0.00     0.00     0.00
G1S16_Cs137_P5           7.93     7.93     7.93     7.93     7.93     7.93     7.93 |      2     2     2     2     2     2     2 |      0.00     0.00     0.00     0.00     0.00     0.00     0.00
G1S16_Eu152_P25          4.38     3.65     3.65     3.65     3.65     3.65     3.65 |      5     6     6     6     6     6     6 |      0.00   -17.25   -17.25   -17.25   -17.25   -17.25   -17.25
G1S16_Eu152_P5          14.36    12.29    12.29    12.29    12.29    12.29    12.29 |      4     5     5     5     5     5     5 |      0.00   -23.36   -23.36   -23.36   -23.36   -23.36   -23.36
G1S16_Mn54_P25           1.64     1.64     1.64     1.64     1.64     1.64     1.64 |      1     1     1     1     1     1     1 |      0.00     0.00     0.00     0.00     0.00     0.00     0.00
G1S16_Mn54_P5            3.83     3.83     3.83     3.83     3.83     3.83     3.83 |      1     1     1     1     1     1     1 |      0.00     0.00     0.00     0.00     0.00     0.00     0.00
G1S16_Na22_P25           4.30     4.30     4.30     4.30     4.30     4.30     4.30 |      2     2     2     2     2     2     2 |      0.00     0.00     0.00     0.00     0.00     0.00     0.00
G1S16_Na22_P5           12.70    12.70    12.70    12.70    12.70    12.70    12.70 |      2     2     2     2     2     2     2 |      0.00     0.00     0.00     0.00     0.00     0.00     0.00
G1S16_Th228_P25          1.26     1.26     1.26     1.26     1.26     1.26     1.26 |      7     7     7     7     7     7     7 |      0.00     0.00     0.00     0.00     0.00     0.00     0.00
G1S16_Th228_P5           4.48     3.38     3.38     3.38     3.38     3.38     3.38 |      5     6     6     6     6     6     6 |      0.00   -10.66   -10.66   -10.66   -10.66   -10.66   -10.66
G1S16_Y88_P25            1.23     1.23     1.23     1.23     1.23     1.23     1.23 |      2     2     2     2     2     2     2 |      0.00     0.00     0.00     0.00     0.00     0.00     0.00
G1S16_Y88_P5             1.31     1.31     1.31     1.31     1.31     1.31     1.31 |      2     2     2     2     2     2     2 |      0.00     0.00     0.00     0.00     0.00     0.00     0.00
G1S24_Am241_P5          11.56    11.56    11.56    11.56    11.56    11.56    11.56 |      1     1     1     1     1     1     1 |      0.00     0.00     0.00     0.00     0.00     0.00     0.00
G1S24_Ba133_P5          19.56    19.56    19.56    19.56    15.70    19.42    19.56 |      3     3     3     3     3     2     3 |      0.00     0.00     0.00     0.00  -696.37     0.00     0.00
G1S24_Bi207_P5          20.69    20.69    20.69    20.69    20.69    20.69    20.69 |      4     4     4     4     4     4     4 |      0.00     0.00     0.00     0.00     0.00     0.00     0.00
G1S24_Cd109_P5           2.42     2.42     2.42     2.42     2.42     2.42     2.42 |      2     2     2     2     2     2     2 |      0.00     0.00     0.00     0.00     0.00     0.00     0.00
G1S24_Co60_P5           10.75    10.75    10.75    10.75    10.75    10.75    10.75 |      2     2     2     2     2     2     2 |      0.00     0.00     0.00     0.00     0.00     0.00     0.00
G1S24_Cs137_P25          3.60     3.60     3.60     3.60     3.60     3.60     3.60 |      2     2     2     2     2     2     2 |      0.00     0.00     0.00     0.00     0.00     0.00     0.00
G1S24_Cs137_P5          13.69    13.69    13.69    13.69    13.69    13.69    13.69 |      2     2     2     2     2     2     2 |      0.00     0.00     0.00     0.00     0.00     0.00     0.00
G1S24_Eu152_P5          33.98    32.91    32.91    32.91    32.91    32.91    32.91 |      5     5     5     5     5     5     5 |      0.00    -9.31    -9.31    -9.31    -9.31    -9.31    -9.31
G1S24_Na22_P25           6.60     6.60     6.60     6.60     6.60     6.60     6.60 |      2     2     2     2     2     2     2 |      0.00     0.00     0.00     0.00     0.00     0.00     0.00
G1S24_Na22_P5           33.93    33.93    33.93    33.93    33.93    33.93    33.93 |      2     2     2     2     2     2     2 |      0.00     0.00     0.00     0.00     0.00     0.00     0.00
G1S24_Th228_P25          3.88     3.63     3.63     3.63     3.63     3.63     3.63 |      7     7     7     7     7     7     7 |      0.00     4.91     4.91     4.91     4.91     4.91     4.91
G1S24_Th228_P5          20.98    19.50    19.50    19.50    19.50    19.50    19.50 |      7     7     7     7     7     7     7 |      0.00    -2.95    -2.95    -2.95    -2.95    -2.95    -2.95
G1S24_Y88_P25            2.09     2.09     2.09     2.09     2.09     2.09     2.09 |      2     2     2     2     2     2     2 |      0.00     0.00     0.00     0.00     0.00     0.00     0.00
G1S24_Y88_P5            11.78    11.78    11.78    11.78    11.78    11.78    11.78 |      2     2     2     2     2     2     2 |      0.00     0.00     0.00     0.00     0.00     0.00     0.00
G1S24_Zn65_P5            1.14     1.14     1.14     1.14     1.14     1.14     1.14 |      1     1     1     1     1     1     1 |      0.00     0.00     0.00     0.00     0.00     0.00     0.00

lin  Σχ²/ndf 319.7  медиана 4.09  квадрат включился у 0: 
q3m  Σχ²/ndf 311.8  медиана 3.64  квадрат включился у 8: G1S16_Ba133_P25, G1S16_Ba133_P5, G1S16_Eu152_P25, G1S16_Eu152_P5, G1S16_Th228_P5, G1S24_Eu152_P5, G1S24_Th228_P25, G1S24_Th228_P5
q4m  Σχ²/ndf 313.0  медиана 3.64  квадрат включился у 6: G1S16_Eu152_P25, G1S16_Eu152_P5, G1S16_Th228_P5, G1S24_Eu152_P5, G1S24_Th228_P25, G1S24_Th228_P5
q5m  Σχ²/ndf 313.0  медиана 3.64  квадрат включился у 6: G1S16_Eu152_P25, G1S16_Eu152_P5, G1S16_Th228_P5, G1S24_Eu152_P5, G1S24_Th228_P25, G1S24_Th228_P5
q3   Σχ²/ndf 306.1  медиана 3.64  квадрат включился у 9: G1S16_Ba133_P25, G1S16_Ba133_P5, G1S16_Eu152_P25, G1S16_Eu152_P5, G1S16_Th228_P5, G1S24_Ba133_P5, G1S24_Eu152_P5, G1S24_Th228_P25, G1S24_Th228_P5
q4   Σχ²/ndf 309.9  медиана 3.64  квадрат включился у 8: G1S16_Ba133_P25, G1S16_Ba133_P5, G1S16_Eu152_P25, G1S16_Eu152_P5, G1S16_Th228_P5, G1S24_Eu152_P5, G1S24_Th228_P25, G1S24_Th228_P5
q5   Σχ²/ndf 313.0  медиана 3.64  квадрат включился у 6: G1S16_Eu152_P25, G1S16_Eu152_P5, G1S16_Th228_P5, G1S24_Eu152_P5, G1S24_Th228_P25, G1S24_Th228_P5

q3m: хуже lin у 0: 
q3m: лучше lin у 8; крупнейшие: G1S16_Eu152_P5 14.36→12.29; G1S24_Th228_P5 20.98→19.50; G1S16_Th228_P5 4.48→3.38; G1S24_Eu152_P5 33.98→32.91; G1S16_Ba133_P5 13.02→11.99; G1S16_Eu152_P25 4.38→3.65
q4m: хуже lin у 0: 
q4m: лучше lin у 6; крупнейшие: G1S16_Eu152_P5 14.36→12.29; G1S24_Th228_P5 20.98→19.50; G1S16_Th228_P5 4.48→3.38; G1S24_Eu152_P5 33.98→32.91; G1S16_Eu152_P25 4.38→3.65; G1S24_Th228_P25 3.88→3.63
q5m: хуже lin у 0: 
q5m: лучше lin у 6; крупнейшие: G1S16_Eu152_P5 14.36→12.29; G1S24_Th228_P5 20.98→19.50; G1S16_Th228_P5 4.48→3.38; G1S24_Eu152_P5 33.98→32.91; G1S16_Eu152_P25 4.38→3.65; G1S24_Th228_P25 3.88→3.63
q3: хуже lin у 0: 
q3: лучше lin у 9; крупнейшие: G1S24_Ba133_P5 19.56→15.70; G1S16_Ba133_P5 13.02→10.34; G1S16_Eu152_P5 14.36→12.29; G1S24_Th228_P5 20.98→19.50; G1S16_Th228_P5 4.48→3.38; G1S24_Eu152_P5 33.98→32.91
q4: хуже lin у 0: 
q4: лучше lin у 9; крупнейшие: G1S16_Ba133_P5 13.02→10.34; G1S16_Eu152_P5 14.36→12.29; G1S24_Th228_P5 20.98→19.50; G1S16_Th228_P5 4.48→3.38; G1S24_Eu152_P5 33.98→32.91; G1S16_Eu152_P25 4.38→3.65
q5: хуже lin у 0: 
q5: лучше lin у 6; крупнейшие: G1S16_Eu152_P5 14.36→12.29; G1S24_Th228_P5 20.98→19.50; G1S16_Th228_P5 4.48→3.38; G1S24_Eu152_P5 33.98→32.91; G1S16_Eu152_P25 4.38→3.65; G1S24_Th228_P25 3.88→3.63
