реконструкция Σ resid²·w_sol/ndf = chi2ndf: расхождений 0 из 294
=== метрика: rep (χ² ПУАССОНОВСКИЙ (отчётные веса), как chi2ndf_pois) ===
Σ по 42 спектрам понятной части, по полосам кэВ:
плечо        <45    45-100   100-300  300-1000     >1000     всего
lin      2297.13   1638.49   2749.25    417.22    192.06   7294.14
q3m      2282.55   1459.19   2562.58    372.07    189.99   6866.38
q4m      2272.08   1611.01   2563.65    372.83    189.99   7009.55
q5m      2272.08   1611.01   2563.65    372.83    189.99   7009.55
q3       2391.64    647.48   2575.18    391.10    189.99   6195.39
q4       2310.70   1222.69   2563.16    380.33    189.99   6666.87
q5       2272.08   1611.01   2563.65    372.83    189.99   7009.55
разности к lin:
q3m-lin    -14.58   -179.30   -186.67    -45.15     -2.07   -427.76
q4m-lin    -25.05    -27.48   -185.60    -44.39     -2.07   -284.59
q5m-lin    -25.05    -27.48   -185.60    -44.39     -2.07   -284.59
q3-lin    +94.51   -991.01   -174.07    -26.11     -2.07  -1098.75
q4-lin    +13.58   -415.80   -186.09    -36.89     -2.07   -627.27
q5-lin    -25.05    -27.48   -185.60    -44.39     -2.07   -284.59
каналов полосы фита, всего: [1274, 1327, 4774, 16304, 47997] (71676)

поспектрово (rep): плечо lin по полосам | разности q3m-lin по полосам
G1S16_Ba133_P25   |   6.28  18.04   0.26   0.49   0.68 |  +1.54 -16.10  -0.02  +1.29  +0.00 |  +0.00  +0.00  +0.00  +0.00  +0.00 |  +0.00  +0.00  +0.00  +0.00  +0.00 |  +1.52 -16.52  +0.04  +0.77  +0.00 |  +1.52 -16.52  +0.04  +0.77  +0.00 |  +0.00  +0.00  +0.00  +0.00  +0.00
G1S16_Ba133_P5    |  72.16 380.84  25.41   9.12   0.50 |  +8.93-135.71  -1.05  -2.04  +0.00 |  +0.00  +0.00  +0.00  +0.00  +0.00 |  +0.00  +0.00  +0.00  +0.00  +0.00 | +41.38-355.34  -0.34  +6.80  -0.00 | +41.38-355.34  -0.34  +6.80  -0.00 |  +0.00  +0.00  +0.00  +0.00  +0.00
G1S16_Eu152_P25   |   1.72   1.00  25.44   2.88   0.90 |  +0.23  -0.19  -6.67  -1.87  +0.03 |  +0.23  -0.19  -6.67  -1.87  +0.03 |  +0.23  -0.19  -6.67  -1.87  +0.03 |  +0.23  -0.19  -6.67  -1.87  +0.03 |  +0.23  -0.19  -6.67  -1.87  +0.03 |  +0.23  -0.19  -6.67  -1.87  +0.03
G1S16_Eu152_P5    |   9.52  30.37 232.96  27.24   3.51 |  +1.36  +2.19 -57.91 -19.79  -0.48 |  +1.36  +2.19 -57.91 -19.79  -0.48 |  +1.36  +2.19 -57.91 -19.79  -0.48 |  +1.36  +2.19 -57.91 -19.79  -0.48 |  +1.36  +2.19 -57.91 -19.79  -0.48 |  +1.36  +2.19 -57.91 -19.79  -0.48
G1S16_Th228_P5    |   1.10   1.20   8.02   0.62   2.35 |  +0.04  -0.06  -1.57  -0.12  -1.44 |  +0.04  -0.06  -1.57  -0.12  -1.44 |  +0.04  -0.06  -1.57  -0.12  -1.44 |  +0.04  -0.06  -1.57  -0.12  -1.44 |  +0.04  -0.06  -1.57  -0.12  -1.44 |  +0.04  -0.06  -1.57  -0.12  -1.44
G1S24_Ba133_P5    | 227.56 624.97  34.72  29.10   0.69 |  +0.00  +0.00  +0.00  +0.00  +0.00 |  +0.00  +0.00  +0.00  +0.00  +0.00 |  +0.00  +0.00  +0.00  +0.00  +0.00 | +76.66-591.67 +11.83 +10.70  +0.00 |  -4.27 -16.46  -0.19  -0.07  -0.00 |  +0.00  +0.00  +0.00  +0.00  +0.00
G1S24_Eu152_P5    | 228.72 203.981362.10  51.74  11.27 | -19.46 +14.00-114.55 -23.33  +0.38 | -19.46 +14.00-114.55 -23.33  +0.38 | -19.46 +14.00-114.55 -23.33  +0.38 | -19.46 +14.00-114.55 -23.33  +0.38 | -19.46 +14.00-114.55 -23.33  +0.38 | -19.46 +14.00-114.55 -23.33  +0.38
G1S24_Th228_P25   |   0.35   2.17   2.88   1.26   1.50 |  +0.06  -0.15  -0.05  -0.41  -0.13 |  +0.06  -0.15  -0.05  -0.41  -0.13 |  +0.06  -0.15  -0.05  -0.41  -0.13 |  +0.06  -0.15  -0.05  -0.41  -0.13 |  +0.06  -0.15  -0.05  -0.41  -0.13 |  +0.06  -0.15  -0.05  -0.41  -0.13
G1S24_Th228_P5    |  79.54  84.08 165.94  11.83  11.62 |  -7.28 -43.28  -4.85  +1.13  -0.43 |  -7.28 -43.28  -4.85  +1.13  -0.43 |  -7.28 -43.28  -4.85  +1.13  -0.43 |  -7.28 -43.28  -4.85  +1.13  -0.43 |  -7.28 -43.28  -4.85  +1.13  -0.43 |  -7.28 -43.28  -4.85  +1.13  -0.43
