реконструкция Σ resid²·w_sol/ndf = chi2ndf: расхождений 0 из 294
=== метрика: sol (χ² РЕШАТЕЛЯ (Хубер), как chi2ndf) ===
Σ по 42 спектрам понятной части, по полосам кэВ:
плечо        <45    45-100   100-300  300-1000     >1000     всего
lin        49.55     43.40     93.55     65.61     67.62    319.73
q3m        49.77     40.66     91.50     63.14     66.70    311.75
q4m        49.39     42.58     91.61     62.76     66.69    313.03
q5m        49.39     42.58     91.61     62.76     66.69    313.03
q3         50.56     31.39     92.48     65.02     66.69    306.15
q4         50.01     37.41     91.73     64.02     66.69    309.87
q5         49.39     42.58     91.61     62.76     66.69    313.03
разности к lin:
q3m-lin     +0.22     -2.74     -2.05     -2.48     -0.92     -7.98
q4m-lin     -0.16     -0.82     -1.94     -2.86     -0.92     -6.70
q5m-lin     -0.16     -0.82     -1.94     -2.86     -0.92     -6.70
q3-lin     +1.01    -12.01     -1.06     -0.60     -0.93    -13.58
q4-lin     +0.46     -5.99     -1.82     -1.59     -0.93     -9.86
q5-lin     -0.16     -0.82     -1.94     -2.86     -0.92     -6.70
каналов полосы фита, всего: [1274, 1327, 4774, 16304, 47997] (71676)

поспектрово (sol): плечо lin по полосам | разности q3m-lin по полосам
G1S16_Ba133_P25   |   0.65   1.16   0.22   0.42   0.66 |  +0.05  -0.73  -0.01  +0.44  +0.00 |  +0.00  +0.00  +0.00  +0.00  +0.00 |  +0.00  +0.00  +0.00  +0.00  +0.00 |  +0.06  -0.77  +0.02  +0.34  +0.00 |  +0.06  -0.77  +0.02  +0.34  +0.00 |  +0.00  +0.00  +0.00  +0.00  +0.00
G1S16_Ba133_P5    |   2.12   6.01   2.64   1.76   0.50 |  +0.33  -1.19  -0.10  -0.06  +0.00 |  +0.00  +0.00  +0.00  +0.00  +0.00 |  +0.00  +0.00  +0.00  +0.00  +0.00 |  +0.58  -4.30  +0.12  +0.92  -0.00 |  +0.58  -4.30  +0.12  +0.92  -0.00 |  +0.00  +0.00  +0.00  +0.00  +0.00
G1S16_Eu152_P25   |   0.36   0.26   1.87   1.01   0.88 |  -0.00  -0.02  -0.34  -0.40  +0.03 |  -0.00  -0.02  -0.34  -0.40  +0.03 |  -0.00  -0.02  -0.34  -0.40  +0.03 |  -0.00  -0.02  -0.34  -0.40  +0.03 |  -0.00  -0.02  -0.34  -0.40  +0.03 |  -0.00  -0.02  -0.34  -0.40  +0.03
G1S16_Eu152_P5    |   0.90   1.90   6.22   3.43   1.92 |  +0.14  +0.12  -0.91  -1.40  -0.02 |  +0.14  +0.12  -0.91  -1.40  -0.02 |  +0.14  +0.12  -0.91  -1.40  -0.02 |  +0.14  +0.12  -0.91  -1.40  -0.02 |  +0.14  +0.12  -0.91  -1.40  -0.02 |  +0.14  +0.12  -0.91  -1.40  -0.02
G1S16_Th228_P5    |   0.32   0.36   1.48   0.54   1.78 |  +0.00  -0.02  -0.12  -0.08  -0.88 |  +0.00  -0.02  -0.12  -0.08  -0.88 |  +0.00  -0.02  -0.12  -0.08  -0.88 |  +0.00  -0.02  -0.12  -0.08  -0.88 |  +0.00  -0.02  -0.12  -0.08  -0.88 |  +0.00  -0.02  -0.12  -0.08  -0.88
G1S24_Ba133_P5    |   4.22   8.03   3.52   3.10   0.68 |  +0.00  +0.00  +0.00  +0.00  +0.00 |  +0.00  +0.00  +0.00  +0.00  +0.00 |  +0.00  +0.00  +0.00  +0.00  +0.00 |  +0.53  -6.12  +0.73  +1.01  -0.00 |  -0.02  -0.10  -0.02  +0.01  +0.00 |  +0.00  +0.00  +0.00  +0.00  +0.00
G1S24_Eu152_P5    |   4.15   5.21  15.33   5.30   3.98 |  -0.23  +0.16  -0.43  -0.90  +0.35 |  -0.23  +0.16  -0.43  -0.90  +0.35 |  -0.23  +0.16  -0.43  -0.90  +0.35 |  -0.23  +0.16  -0.43  -0.90  +0.35 |  -0.23  +0.16  -0.43  -0.90  +0.35 |  -0.23  +0.16  -0.43  -0.90  +0.35
G1S24_Th228_P25   |   0.15   0.50   0.94   0.89   1.40 |  +0.02  +0.01  +0.00  -0.18  -0.10 |  +0.02  +0.01  +0.00  -0.18  -0.10 |  +0.02  +0.01  +0.00  -0.18  -0.10 |  +0.02  +0.01  +0.00  -0.18  -0.10 |  +0.02  +0.01  +0.00  -0.18  -0.10 |  +0.02  +0.01  +0.00  -0.18  -0.10
G1S24_Th228_P5    |   2.40   3.15   6.87   3.36   5.20 |  -0.08  -1.07  -0.14  +0.10  -0.29 |  -0.08  -1.07  -0.14  +0.10  -0.29 |  -0.08  -1.07  -0.14  +0.10  -0.29 |  -0.08  -1.07  -0.14  +0.10  -0.29 |  -0.08  -1.07  -0.14  +0.10  -0.29 |  -0.08  -1.07  -0.14  +0.10  -0.29
