сцена                             phys тело         Qk    пик662    q0_662  k100_662      Σ662   пик1461   q0_1461 k100_1461     Σ1461   пик2614   q0_2614 k100_2614     Σ2614
AS80_lu_front                       21 РАЗОШЛОСЬ   142     -0.01     +0.50     -0.06     -0.07     -0.13     -0.78     -0.86     -0.28     -0.03     -1.15     -2.53     -0.45
AS80_point0                         21 РАЗОШЛОСЬ   140     +0.04     -0.39     -0.53     -0.05     -0.08     +0.27     +0.30     -0.09     +0.05     -1.92     -3.80     -0.39
AS80_th_disk                        21 РАЗОШЛОСЬ   146     +0.05     +0.96     +1.57     +0.14     +0.12     -0.45     +0.46     -0.27     +0.27     -0.82     -0.45     -0.17
ASN16_lu_side                       21 РАЗОШЛОСЬ   142     -0.10     +0.07     -0.48     +0.61     +0.16     +0.49     +2.92     +0.09     +0.55     -1.93     -1.07     -0.37
ASN16_point0_house                  21 РАЗОШЛОСЬ   140     -0.17     +0.41     +0.83     -0.02     +0.28     -0.08     -0.70     -0.55     -0.31     -2.99     -8.09     -0.77
ASN16_point10_house                 21 РАЗОШЛОСЬ   140     -0.03     +1.35     +1.09     -0.30     +0.15     -4.73     -3.56     -1.40     +0.38     -3.45     -5.55     -1.42
G1S_denta100_oisn10_100_p16         21 РАЗОШЛОСЬ   142     +0.01     +0.30     +0.80     -0.04     -0.28     +0.03     +1.09     +0.12     -0.23     -0.77     -1.85     -0.42
G1S_denta100_risn379_100_p16        21 РАЗОШЛОСЬ   140     +0.04     +0.74     +1.02     +0.15     +0.12     -0.14     -0.70     -0.04     -0.05     -1.02     -1.42     -0.10
G1S_denta120_oisn06_057_p24         21 РАЗОШЛОСЬ   142     +0.12     +0.27     +0.01     +0.07     +0.25     +0.93     +1.49     +0.15     -0.17     -0.11     -2.21     +0.13
G1S_denta120_oisn06_062_p24         21 РАЗОШЛОСЬ   142     +0.01     -0.71     -0.73     -0.07     -0.01     +0.23     -0.13     +0.09     +0.16     -0.40     -2.37     +0.19
G1S_denta120_oisn06_064_p24         21 РАЗОШЛОСЬ   142     +0.09     +0.16     -0.25     +0.12     -0.12     -0.29     -0.92     -0.12     +0.40     +0.49     -0.46     +0.15
G1S_denta120_oisn06_066_p24         21 РАЗОШЛОСЬ   142     -0.07     +0.02     +0.04     -0.21     +0.15     -0.15     +0.29     +0.27     -0.02     -0.21     -1.56     +0.15
G1S_denta120_oisn16_155_p24         21 РАЗОШЛОСЬ   142     +0.05     +0.18     +0.38     -0.02     +0.01     +0.45     +1.65     +0.32     -0.03     -0.79     -0.06     +0.07
G1S_denta120_oisn16_160_p24         21 РАЗОШЛОСЬ   142     -0.05     -0.07     +0.65     +0.09     -0.07     +0.00     +1.27     +0.14     -0.09     -1.82     -0.94     -0.40
G1S_denta120_oisn16_166_p24         21 РАЗОШЛОСЬ   142     -0.02     +0.11     +0.61     +0.04     -0.01     -0.53     +0.23     -0.09     -0.05     -1.13     -1.30     -0.53
G1S_denta120_oisn16_167_p24         21 РАЗОШЛОСЬ   142     +0.01     -0.21     -0.27     -0.04     -0.01     -1.28     -0.83     -0.11     -0.01     -1.05     -1.43     -0.24
G1S_mar1l_coal_046_p24              21 РАЗОШЛОСЬ   140     -0.06     -0.40     -0.40     -0.06     +0.03     -0.70     -0.53     -0.53     +0.37     +0.42     -3.23     +0.12
G1S_mar1l_oisn06_055_p16            21 РАЗОШЛОСЬ   140     -0.07     +0.04     +0.30     -0.02     +0.07     -0.44     -0.81     +0.13     +0.18     -0.57     -3.99     +0.31
G1S_mar1l_oisn06_057_p16            21 РАЗОШЛОСЬ   140     -0.03     -0.75     -0.67     -0.15     -0.22     -0.82     -1.22     -0.13     +0.03     -0.85     -4.61     -0.04
G1S_mar1l_oisn06_057_p24            21 РАЗОШЛОСЬ   142     +0.20     +0.33     +0.66     +0.15     -0.13     -0.17     -1.37     -0.26     +0.12     -0.68     -2.46     -0.27
G1S_mar1l_oisn06_062_p16            21 РАЗОШЛОСЬ   140     -0.06     -0.23     +0.52     -0.30     +0.07     -1.30     -0.85     +0.00     +0.05     -1.31     -3.18     -0.27
G1S_mar1l_oisn06_062_p24            21 РАЗОШЛОСЬ   142     +0.09     -0.57     -0.34     -0.12     +0.11     -0.03     -1.48     -0.00     -0.23     -0.08     -0.67     -0.05
G1S_mar1l_oisn06_064_p24            21 РАЗОШЛОСЬ   142     +0.10     -0.53     +0.29     +0.18     +0.01     -0.74     -4.20     +0.11     -0.08     -0.52     -3.57     -0.24
G1S_mar1l_oisn06_066_p16            21 РАЗОШЛОСЬ   140     -0.03     +0.58     +0.62     +0.02     -0.21     -0.89     +1.35     -0.35     -0.22     -0.42     -3.66     -0.28
G1S_mar1l_oisn06_066_p24            21 РАЗОШЛОСЬ   142     +0.01     -0.25     -0.14     +0.12     -0.02     +0.23     -0.97     -0.39     +0.15     -0.14     -1.23     -0.07
G1S_mar1l_oisn16_155_p16            21 РАЗОШЛОСЬ   142     +0.10     -0.21     -0.70     +0.15     -0.10     -0.50     +0.45     -0.12     +0.00     -1.68     -2.61     -0.99
G1S_mar1l_oisn16_155_p24            21 РАЗОШЛОСЬ   142     +0.13     -0.05     -0.16     +0.09     -0.02     -0.20     +0.59     +0.33     -0.15     -2.46     -0.94     -0.97
G1S_mar1l_oisn16_160_p16            21 РАЗОШЛОСЬ   142     +0.10     -0.10     -0.54     -0.07     -0.16     +0.13     +0.39     -0.04     -0.06     -0.82     -2.10     -0.36
G1S_mar1l_oisn16_160_p24            21 РАЗОШЛОСЬ   142     +0.13     -0.24     -0.12     -0.14     +0.09     +0.73     -0.17     +0.20     +0.03     -1.35     -3.34     -0.42
G1S_mar1l_oisn16_166_p16            21 РАЗОШЛОСЬ   142     +0.07     -0.44     -1.11     +0.08     -0.09     -0.25     -0.23     -0.23     +0.32     -1.27     -3.01     -0.31
G1S_mar1l_oisn16_166_p24            21 РАЗОШЛОСЬ   142     +0.15     -0.19     -0.86     +0.05     -0.22     -0.27     -0.30     -0.09     -0.04     -1.12     -5.45     -0.29
G1S_mar1l_oisn16_167_p16            21 РАЗОШЛОСЬ   142     +0.05     -0.40     -0.47     +0.15     +0.05     -0.70     -1.24     -0.65     +0.30     -2.46     -4.48     -0.82
G1S_mar1l_oisn16_167_p24            21 РАЗОШЛОСЬ   142     +0.09     +0.13     -0.26     +0.13     -0.14     -0.65     -1.10     -0.26     +0.26     -0.56     -1.42     +0.03
G1S_mar1l_risn379_100_p16           21 РАЗОШЛОСЬ   140     +0.09     +0.05     +0.34     +0.22     +0.11     +0.40     +0.54     +0.32     +0.21     -1.63     -4.60     -0.48
G1S_petri60_oisn06_057_p24          21 РАЗОШЛОСЬ   142     +0.01     +0.03     +0.14     -0.11     -0.02     +0.19     -0.66     +0.04     +0.10     -1.33     -2.50     -0.10
G1S_petri60_oisn06_062_p24          21 РАЗОШЛОСЬ   142     +0.09     -0.03     +0.06     -0.23     +0.16     -0.00     +0.78     -0.08     -0.10     -1.01     -2.18     -0.13
G1S_petri60_oisn06_064_p24          21 РАЗОШЛОСЬ   142     +0.00     +0.18     +0.06     +0.03     -0.04     -0.17     -1.26     +0.04     -0.07     -1.54     -2.99     -0.19
G1S_petri60_oisn06_067_p24          21 РАЗОШЛОСЬ   142     +0.06     +0.70     +0.35     +0.07     +0.16     +0.16     +0.14     +0.04     +0.47     -0.88     -1.81     -0.17
G1S_petri60_oisn10_100_p16          21 РАЗОШЛОСЬ   142     -0.15     +0.42     +0.31     -0.06     +0.15     +0.34     -0.29     -0.12     -0.16     -0.87     -1.26     -0.44
G1S_petri60_oisn16_155_p24          21 РАЗОШЛОСЬ   142     -0.01     -0.16     -0.31     +0.06     +0.14     -0.41     -0.66     +0.34     +0.16     -1.17     -1.31     -0.08
G1S_petri60_oisn16_160_p24          21 РАЗОШЛОСЬ   142     -0.06     -0.58     -0.67     +0.04     +0.14     -0.44     -1.52     -0.39     +0.06     -0.57     -1.86     -0.09
G1S_petri60_oisn16_167_p24          21 РАЗОШЛОСЬ   142     +0.03     -0.22     -0.33     -0.03     -0.13     -0.39     -0.93     -0.22     +0.05     -1.42     -2.00     -0.38
G1S_petri60_risn379_100_p16         21 РАЗОШЛОСЬ   140     -0.13     +0.28     +0.58     -0.08     -0.02     +0.18     -0.82     +0.13     +0.68     -0.86     -0.81     +0.16
G1S_point25                         21 РАЗОШЛОСЬ   140     +0.00     -0.08     +0.12     -0.21     +0.03     -1.05     -0.66     -0.22     -0.05     -2.29    -10.71     -0.31
G1S_point5                          21 РАЗОШЛОСЬ   140     +0.05     +0.35     +0.05     +0.06     -0.02     +1.01     +1.31     -0.04     -0.30     +0.02     -2.36     +0.32
RC103_lu_front                      21 РАЗОШЛОСЬ   142     -0.22     -0.92     -1.89     +0.75     -0.05     -2.56    -10.22     -0.29     +0.08     -3.17     -4.81     -0.31
RC103_marinelli05_kcl               21 РАЗОШЛОСЬ   140     -0.02     -1.48     -1.18     -1.70     +0.14     -1.53     -4.85     -0.35     -1.16     -6.05    -14.30     -5.66
RC103_point0                        21 РАЗОШЛОСЬ   140     +0.14     +0.00     -0.75     +0.16     +0.39     +0.10     -0.96     +0.15     -0.22     -3.90    -12.38     -1.66
RC103_point50                       21 РАЗОШЛОСЬ   140     +0.01     -0.66     -0.65     -1.48     +0.13     +0.13     -6.12     +0.40     +1.20     +2.15     +8.27     -0.57
сцен 49, принято (phys=21, тело разошлось, блок Q_k полон) 49
сводка B/A−1, % по 49 сценам (медиана / мин / макс):
  пик662       +0.01 /   -0.22 /   +0.20
  q0_662       -0.03 /   -1.48 /   +1.35
  k100_662     -0.06 /   -1.89 /   +1.57
  Σ662         +0.02 /   -1.70 /   +0.75
  пик1461      +0.01 /   -0.28 /   +0.39
  q0_1461      -0.17 /   -4.73 /   +1.01
  k100_1461    -0.66 /  -10.22 /   +2.92
  Σ1461        -0.08 /   -1.40 /   +0.40
  пик2614      +0.03 /   -1.16 /   +1.20
  q0_2614      -1.02 /   -6.05 /   +2.15
  k100_2614    -2.36 /  -14.30 /   +8.27
  Σ2614        -0.27 /   -5.66 /   +0.32
