контроль порта кривой (η=0.33 в коде против таблицы базы, E ≥ 1 кэВ): max |отн. расх.| = 1.11e-15

фотонная кривая, нормировка на ФОТОН 662 (r(E)/r(662)); Ходюк — из текста статьи
      E |    before |        k3 |    k1_eq0 |        k2 |  k1_eq0.7 |  k1_eq1.0 |  k1_eq1.3 |  k1_eq1.6 |  k1_eq2.0 | Ходюк
   10.0 |         - |    1.1500 |    1.1340 |    1.1221 |    1.0831 |    1.0440 |    1.0015 |    0.9576 |    0.8986 | 1.120
   20.0 |    1.1283 |    1.1445 |    1.1368 |    1.1221 |    1.1152 |    1.0990 |    1.0820 |    1.0647 |    1.0422 | 1.172
   30.0 |    1.0950 |    1.1090 |    1.1042 |    1.0916 |    1.0908 |    1.0809 |    1.0706 |    1.0602 |    1.0468 | 
   32.0 |    1.0894 |    1.1029 |    1.0983 |    1.0863 |    1.0860 |    1.0769 |    1.0673 |    1.0577 |    1.0454 | 
   33.0 |    1.0863 |    1.0999 |    1.0955 |    1.0833 |    1.0836 |    1.0747 |    1.0655 |    1.0562 |    1.0444 | 
   34.0 |    1.0962 |    1.1106 |    1.1027 |    1.0862 |    1.0737 |    1.0555 |    1.0376 |    1.0205 |    0.9993 | 
   35.0 |    1.0962 |    1.1102 |    1.1025 |    1.0875 |    1.0769 |    1.0581 |    1.0383 |    1.0187 |    0.9944 | 
   36.0 |    1.0960 |    1.1104 |    1.1030 |    1.0882 |    1.0798 |    1.0622 |    1.0433 |    1.0240 |    0.9989 | 
   40.0 |    1.0942 |    1.1111 |    1.1044 |    1.0885 |    1.0855 |    1.0716 |    1.0564 |    1.0407 |    1.0197 | 
   50.0 |    1.0828 |    1.1017 |    1.0966 |    1.0791 |    1.0825 |    1.0723 |    1.0613 |    1.0500 |    1.0355 | 1.158
   60.0 |    1.0707 |    1.0881 |    1.0838 |    1.0678 |    1.0725 |    1.0642 |    1.0555 |    1.0467 |    1.0351 | 
   81.0 |    1.0505 |    1.0638 |    1.0607 |    1.0487 |    1.0527 |    1.0469 |    1.0408 |    1.0346 |    1.0267 | 
  100.0 |    1.0385 |    1.0491 |    1.0467 |    1.0371 |    1.0404 |    1.0359 |    1.0312 |    1.0264 |    1.0202 | 1.112
  122.0 |    1.0294 |    1.0377 |    1.0358 |    1.0283 |    1.0309 |    1.0274 |    1.0237 |    1.0199 |    1.0150 | 
  200.0 |    1.0150 |    1.0193 |    1.0183 |    1.0144 |    1.0157 |    1.0138 |    1.0118 |    1.0098 |    1.0073 | 
  356.0 |    1.0065 |    1.0082 |    1.0077 |    1.0063 |    1.0066 |    1.0060 |    1.0052 |    1.0044 |    1.0034 | 
  661.7 |    1.0000 |    1.0000 |    1.0000 |    1.0000 |    1.0000 |    1.0000 |    1.0000 |    1.0000 |    1.0000 | 
 1000.0 |    0.9969 |    0.9962 |    0.9964 |    0.9971 |    0.9969 |    0.9972 |    0.9976 |    0.9979 |    0.9983 | 

признаки провала (сырые, к электрону 662):
%9s | ступень 33→34 % | 34 к тренду(20↔50) % | 10/20 | 20/662 | 122/662 | 662 сырое
   before |    +0.91 |    -0.98 | nan | 1.1283 | 1.0294 | 1.0091
       k3 |    +0.98 |    -1.24 | 1.0048 | 1.1445 | 1.0377 | 1.0115
   k1_eq0 |    +0.66 |    -1.37 | 0.9975 | 1.1368 | 1.0358 | 1.0108
       k2 |    +0.27 |    -1.44 | 1.0001 | 1.1221 | 1.0283 | 1.0086
 k1_eq0.7 |    -0.91 |    -2.38 | 0.9712 | 1.1152 | 1.0309 | 1.0089
 k1_eq1.0 |    -1.79 |    -2.86 | 0.9499 | 1.0990 | 1.0274 | 1.0076
 k1_eq1.3 |    -2.62 |    -3.24 | 0.9256 | 1.0820 | 1.0237 | 1.0063
 k1_eq1.6 |    -3.38 |    -3.53 | 0.8994 | 1.0647 | 1.0199 | 1.0051
 k1_eq2.0 |    -4.32 |    -3.82 | 0.8622 | 1.0422 | 1.0150 | 1.0035

кривая электронов y(E) (файлы --curve=):
     E |     kdip0 |    k1_eq0 |  k1_eq1.0 |  k1_eq1.3 |  k1_eq2.0
   0.1 |    1.1432 |    1.0013 |    0.0099 |    0.0059 |    0.0025
   0.3 |    1.1432 |    1.0215 |    0.0850 |    0.0521 |    0.0227
   0.5 |    1.1432 |    1.0426 |    0.2090 |    0.1347 |    0.0616
   1.0 |    1.1432 |    1.0818 |    0.5410 |    0.4025 |    0.2168
   1.5 |    1.1441 |    1.1031 |    0.7629 |    0.6297 |    0.3980
   2.0 |    1.1470 |    1.1163 |    0.8926 |    0.7844 |    0.5582
   3.0 |    1.1538 |    1.1334 |    1.0192 |    0.9532 |    0.7838
   5.0 |    1.1603 |    1.1480 |    1.1036 |    1.0749 |    0.9890
  10.0 |    1.1492 |    1.1431 |    1.1317 |    1.1240 |    1.0989
  20.0 |    1.1119 |    1.1089 |    1.1061 |    1.1042 |    1.0978
  30.0 |    1.0846 |    1.0827 |    1.0815 |    1.0806 |    1.0778
  60.0 |    1.0435 |    1.0426 |    1.0423 |    1.0421 |    1.0414
 100.0 |    1.0231 |    1.0226 |    1.0225 |    1.0224 |    1.0222
