спектр                base     ch1     ch2   rmp16      s1     ab1
G1S16_Am241_P25      1.031   1.061   1.070   1.054   1.039   1.120
G1S16_Am241_P5       0.949   0.967   0.972   0.955   0.956   1.024
G1S16_Ba133_P25      0.995   0.999   1.000   0.966   0.996   1.053
G1S16_Ba133_P5       0.947   0.956   0.957   0.862   0.949   0.990
G1S16_Cd109_P25      0.446   0.907   1.187   1.038   0.854   0.937
G1S16_Cd109_P5       0.443   0.874   1.101   0.958   0.831   0.910
G1S16_Ce139_P25      0.988   0.992   0.995   0.925   0.988   1.075
G1S16_Ce139_P5       0.923   0.942   0.949   0.864   0.923   1.036
G1S16_Co57_P5        0.961   0.975   0.976   0.976   0.961   0.967
G1S16_Co60_P25       0.979   0.980   0.980   0.980   0.979   0.979
G1S16_Co60_P5        0.960   0.962   0.962   0.962   0.960   0.960
G1S16_Cs137_P25      0.989   0.989   0.990   0.992   0.989   0.993
G1S16_Cs137_P5       0.962   0.962   0.963   0.957   0.962   0.972
G1S16_Eu152_P25      0.966   0.971   0.973   0.971   0.966   1.013
G1S16_Eu152_P5       0.886   0.893   0.896   0.914   0.886   0.966
G1S16_Mn54_P25       0.979   0.980   0.980   0.980   0.979   0.979
G1S16_Mn54_P5        0.959   0.959   0.959   0.959   0.959   0.959
G1S16_Na22_P25       1.010   1.012   1.012   1.011   1.010   1.010
G1S16_Na22_P5        0.947   0.949   0.950   0.949   0.947   0.947
G1S16_Th228_P25      1.013   1.015   1.015   1.015   1.013   1.018
G1S16_Th228_P5       0.955   0.957   0.957   0.957   0.955   0.964
G1S16_Y88_P25        0.919   0.919   0.919   0.919   0.919   0.919
G1S16_Y88_P5         0.971   0.974   0.974   0.973   0.971   0.971
G1S24_Am241_P5       0.929   0.965   0.978   0.975   0.933   1.032
G1S24_Ba133_P5       0.839   0.909   0.934   0.765   0.845   0.975
G1S24_Bi207_P5       0.912   0.919   0.920   0.920   0.912   0.920
G1S24_Cd109_P5       0.212   0.659   0.895   0.952   0.742   0.866
G1S24_Co60_P5        0.926   0.926   0.926   0.926   0.926   0.926
G1S24_Cs137_P25      0.944   0.953   0.953   0.954   0.945   0.953
G1S24_Cs137_P5       0.929   0.942   0.948   0.943   0.930   0.943
G1S24_Eu152_P5       0.928   0.930   0.930   0.942   0.928   1.018
G1S24_Na22_P25       0.966   0.967   0.967   0.967   0.966   0.966
G1S24_Na22_P5        0.927   0.929   0.929   0.929   0.927   0.927
G1S24_Th228_P25      1.005   1.005   1.005   1.005   1.005   1.013
G1S24_Th228_P5       0.961   0.962   0.962   0.962   0.961   0.974
G1S24_Y88_P25        0.942   0.942   0.942   0.942   0.942   0.942
G1S24_Y88_P5         0.934   0.935   0.935   0.935   0.934   0.934
G1S24_Zn65_P5        0.944   0.946   0.946   0.946   0.944   0.944
base   медиана без Cd-109 0.955, σ 0.037
ch1    медиана без Cd-109 0.962, σ 0.033
ch2    медиана без Cd-109 0.962, σ 0.033
rmp16  медиана без Cd-109 0.957, σ 0.049
s1     медиана без Cd-109 0.956, σ 0.037
ab1    медиана без Cd-109 0.972, σ 0.045
